,0
0,-833860.0070124381
1,-828912.4937717696
2,-823328.5699814226
3,-819110.1494046564
4,-817654.4723914227
5,-816711.2316125651
6,-816169.15202968
7,-815642.7891627436
8,-815231.4940192373
9,-814845.9525557786
10,-814408.4781517811
11,-813965.0136999818
12,-813590.4934051763
13,-813079.1881606849
14,-812755.7324665788
15,-812160.7835824674
16,-811521.5992935181
17,-810934.024036556
18,-810159.2055480031
19,-809543.8850489131
20,-808876.5269679644
21,-808340.0246104772
22,-807702.1646948298
23,-807078.5615472205
24,-806394.6578645996
25,-805570.6824202745
26,-804956.26428411
27,-804167.4649040285
28,-803400.0316895571
29,-802644.3142995946
30,-801854.22695925
31,-800968.975858017
32,-800161.7679270812
33,-799420.444153052
34,-798540.4220825267
35,-797861.145024631
36,-797418.5073203259
37,-796548.7110455515
38,-795880.7153380353
39,-794809.6457452509
40,-794040.7586934784
41,-793031.7884760571
42,-792411.3000931885
43,-791715.6658774372
44,-790858.0432922036
45,-790426.2598162978
46,-789807.3242281808
47,-789014.6301937049
48,-788423.6512606366
49,-787836.0259253426
50,-787055.843557525
51,-786240.2392796177
52,-785614.1539055379
53,-784876.338238784
54,-784354.2951053648
55,-783685.5907184558
56,-782911.4173029823
57,-782217.5671019607
58,-781539.8374856501
59,-780768.7578655716
60,-780363.5677115453
61,-779771.8089713283
62,-779109.5232549339
63,-778291.6691039234
64,-777871.9993312161
65,-777092.8480791125
66,-776713.541519452
67,-776211.0418463694
68,-775681.7001361516
69,-775017.8438867077
70,-774392.784175058
71,-773848.8836020839
72,-772930.5993047071
73,-772498.4242823471
74,-771642.8399817961
75,-771059.1389734403
76,-770538.5847943376
77,-770116.0992211651
78,-769630.6671201593
79,-768917.3878340925
80,-768281.2569880532
81,-767782.7712768859
82,-767284.5114451023
83,-766947.8770392583
84,-766291.3263356194
85,-765641.9101530426
86,-765397.2811667726
87,-764668.2146377972
88,-764102.6722088788
89,-763731.6966472764
90,-763296.0042493124
91,-762817.3424867764
92,-762266.1794157283
93,-761707.4925451996
94,-761243.7702434324
95,-760726.668142766
96,-760216.1416939714
97,-759551.8594934529
98,-759127.4684428012
99,-758502.0093649173
100,-758159.1215796401
101,-757906.4827044203
102,-757269.8171629686
103,-756919.3767630793
104,-756598.9213709345
105,-756180.172498536
106,-755854.1727665855
107,-755503.3930953864
108,-755103.5303348169
109,-754733.3313931141
110,-754408.0481015686
111,-753836.6629785029
112,-753352.3546102856
113,-753041.1261473801
114,-752597.6759348371
115,-752102.3851336478
116,-751645.2534805654
117,-751304.8502481455
118,-750725.6719966035
119,-750346.5078676977
120,-750135.8346271948
121,-749889.2872228209
122,-749488.2970823391
123,-749202.150337445
124,-748960.1452407687
125,-748661.4770158752
126,-748408.1082658567
127,-747835.9151916873
128,-747486.2937794114
129,-747183.6424979207
130,-746866.002910057
131,-746382.5397451284
132,-746014.2791412625
133,-745751.3279642565
134,-745347.1571886125
135,-745065.6871009489
136,-744763.386569206
137,-744568.9106233958
138,-744073.9551339028
139,-743946.249314456
140,-743818.046614802
141,-743512.7973377465
142,-743032.1214297521
143,-742738.7258633708
144,-742571.6628004172
145,-742433.3270345911
146,-742322.7792317556
147,-742020.203645144
148,-741962.9546013384
149,-741564.6400700159
150,-741394.5436575431
151,-741150.2378050762
152,-740799.8507200596
153,-740712.4136296458
154,-740529.7575836448
155,-740191.234188077
156,-739979.7580331354
157,-739603.5760347628
158,-739411.6786151382
159,-739084.6871748815
160,-738751.4420375035
161,-738580.3290174509
162,-738515.574073969
163,-738203.4089642612
164,-737835.3552362657
165,-737813.03258109
166,-737579.1345529391
167,-737472.2761101851
168,-737172.8139232082
169,-736986.7938334794
170,-736751.5092871517
171,-736288.0675709834
172,-736198.5160742805
173,-735822.8112547236
174,-735788.5497977552
175,-735707.7918956476
176,-735267.4258302518
177,-735156.8647327882
178,-734987.7019818074
179,-734949.1805236564
180,-734933.3530987388
181,-734770.3916030177
182,-734419.1034758884
183,-734244.7062297408
184,-733944.9140140488
185,-733775.3498341951
186,-733514.4243741337
187,-733405.6276522948
188,-733183.7656347655
189,-733155.0833799461
190,-732994.1972756988
191,-733043.131960209
192,-732952.3140672842
193,-732767.5987731449
194,-732723.6151669982
195,-732758.28945451
196,-732702.5487478694
197,-732495.3272709922
198,-732264.8104826114
199,-732102.9212194438
200,-731972.8561779519
201,-731848.3958021632
202,-731660.2656307888
203,-731469.63338452
204,-731285.8823434649
205,-731282.8166692035
206,-731221.1063304456
207,-730977.3630646911
208,-730762.2875715022
209,-730845.9350428174
210,-730703.5227164896
211,-730562.4231307594
212,-730421.3304845876
213,-730377.0367911187
214,-730256.4744506454
215,-730011.1026317581
216,-729874.1889505505
217,-729976.0170534048
218,-729916.3207230653
219,-729850.8377126732
220,-729752.91164718
221,-729321.951260786
222,-729243.9858678546
223,-729104.6000478133
224,-728800.5702527651
225,-728621.915594915
226,-728418.8907309956
227,-728022.2276452107
228,-728062.223556654
229,-727988.0814144794
230,-727961.8470784698
231,-727599.110250348
232,-727474.9519826595
233,-727129.3576145667
234,-727051.1464664387
235,-726756.9162969425
236,-726825.8569781895
237,-726656.7622218805
238,-726745.7061818453
239,-726620.6969657381
240,-726620.1085383625
241,-726567.9175902108
242,-726488.5684822932
243,-726423.4462258668
244,-726272.4914065573
245,-726194.7363496537
246,-726036.5273549025
247,-725890.319453952
248,-725935.831306421
249,-725692.1869246154
250,-725614.2453101912
251,-725376.4232421622
252,-725166.9159948147
253,-725009.3634118767
254,-724719.3350047595
255,-724647.3124221717
256,-724250.2129579167
257,-724126.6167673529
258,-724053.0427131174
259,-723798.2079306318
260,-723515.8600742455
261,-723378.7329960022
262,-723213.4556230035
263,-722987.8757026718
264,-722675.2877188106
265,-722482.9929704509
266,-722234.3624702214
267,-721827.7661864603
268,-721565.9973905997
269,-721236.0610310418
270,-721194.6275111173
271,-720986.7342621988
272,-720700.1955258318
273,-720423.5233880808
274,-720332.283206557
275,-720219.3489918085
276,-719836.2938162626
277,-719344.4184091381
278,-719259.2192600478
279,-718988.6657714244
280,-718785.7893571929
281,-718652.521498455
282,-718319.6386495145
283,-717996.6802039003
284,-717742.1986907696
285,-717679.5280078005
286,-717499.5341016715
287,-717327.5988899755
288,-717170.1144623682
289,-716995.351304397
290,-716714.8480992788
291,-716626.7231607415
292,-716436.1937286231
293,-716296.3154091
294,-716093.554041553
295,-716024.8262546035
296,-715724.0573287414
297,-715677.6072711366
298,-715463.2831591836
299,-715357.8265879937
300,-715250.3818319693
301,-714990.8766480231
302,-714747.1890897428
303,-714682.3241781936
304,-714742.7928340643
305,-714655.7943335711
306,-714650.2668080044
307,-714611.3355388036
308,-714468.649034038
309,-714362.9046489195
310,-714420.6745298052
311,-714369.7707330785
312,-714452.7735508429
313,-714491.4306587019
314,-714286.4663747371
315,-714261.4549565925
316,-714097.1051907991
317,-714260.6405905694
318,-714302.5345094674
319,-714132.5610315369
320,-713920.4397020915
321,-713812.3885607147
322,-713909.6977361889
323,-713505.7442786786
324,-713581.0274110335
325,-713434.1255506352
326,-713459.7468759285
327,-713556.8569957193
328,-713857.7254186142
329,-713707.2426880877
330,-713857.6306429543
331,-713718.8663635056
332,-713828.622362033
333,-713751.4404535294
334,-713715.835223749
335,-713575.8555708706
336,-713725.3792415975
337,-714266.4482927198
338,-713683.0109846673
339,-713506.0701373898
340,-713660.0508474382
341,-713637.9178124067
342,-713347.9619669225
343,-713348.9436520035
344,-713153.4667421586
345,-713270.1111183519
346,-712990.2333816628
347,-713086.9226658151
348,-712850.8193045484
349,-712920.5017567266
350,-712988.9083871405
351,-713105.8387137789
352,-712858.3807774446
353,-712760.8714710381
354,-712718.5713525718
355,-713081.9049229199
356,-712831.6633653581
357,-712816.8999379795
358,-712776.6457784296
359,-712890.6075400482
360,-712940.1728491354
361,-712940.6265510506
362,-712791.2013110615
363,-712726.6590027391
364,-712736.5484991223
365,-712615.5369124364
366,-712809.1337113548
367,-712903.5171923209
368,-712880.0238753882
369,-712984.2508482957
370,-713066.6473970629
371,-712944.8104926513
372,-713025.7349474623
373,-712957.7363038338
374,-713006.1335251501
375,-712975.2162265984
376,-712935.0420988634
377,-713142.318083214
378,-713210.1702365896
379,-712962.7700137775
380,-712940.596338843
381,-713094.057198294
382,-713021.5622827541
383,-712992.6657806087
384,-712854.6622015644
385,-712762.0750379715
386,-712830.7601993242
387,-712854.1221179209
388,-712729.0891386707
389,-712537.7129792189
390,-712665.9358905046
391,-712935.1972757544
392,-712744.5354862117
393,-712720.3322373971
394,-712580.6874519885
395,-712691.5203185915
396,-712773.3995685794
397,-712681.4606839607
398,-712662.7911795694
399,-713327.9458502325
400,-712874.465443712
401,-712772.4520377169
402,-712835.4503022988
403,-712778.1484423572
404,-712749.15966824
405,-712636.3101513006
406,-712652.5599539229
407,-712643.3776291787
408,-712860.9296550143
409,-712977.0232384262
410,-713130.7439132088
411,-713185.6784738702
412,-713109.1583658035
413,-712886.738820355
414,-712870.7076805385
415,-712792.2338524688
416,-712709.2413957211
417,-712724.4859266159
418,-712581.779729697
419,-712624.771378383
420,-712648.0477808123
421,-712577.6598081449
422,-712635.7313920457
423,-712554.4727368439
424,-713005.2001037664
425,-712479.1779097518
426,-712398.9396971301
427,-712398.1736653626
428,-712271.5737767853
429,-712220.264420045
430,-712095.337153463
431,-711919.9596847969
432,-712052.8220042572
433,-711901.2582742148
434,-712083.774747115
435,-711936.2378072425
436,-711850.8351249661
437,-711925.0414265288
438,-712009.0087168537
439,-711924.6326995512
440,-711932.9246772027
441,-711855.329578052
442,-711852.2806118295
443,-711895.1964434556
444,-711896.6511686441
445,-711884.2689761148
446,-711770.3544876772
447,-711806.1484309557
448,-711890.2399299102
449,-711838.5623064372
450,-712036.1574338392
451,-711944.3599462158
452,-711977.3926246548
453,-711825.496413464
454,-711688.6671939907
455,-711772.9698523417
456,-711610.0493383397
457,-711843.9081827478
458,-711763.2594615966
459,-711799.7516316546
460,-711688.7971336815
461,-711609.9159241823
462,-711535.0735429323
463,-712057.0977005969
464,-711764.3268099964
465,-711822.2141773794
466,-711913.8251519696
467,-711680.8566729944
468,-711614.3887906926
469,-711569.5031565586
470,-711493.6590224286
471,-711503.5159708078
472,-711630.146239292
473,-711721.8778080792
474,-711618.955513384
475,-711664.2252931546
476,-712176.4061525154
477,-711697.837788911
478,-711780.7140342476
479,-711742.393899454
480,-711731.5465475332
481,-711860.9922624032
482,-711805.7369062868
483,-711718.3501720536
484,-711692.8885383613
485,-711807.0814889951
486,-711698.1595901162
487,-711686.3196378654
488,-711500.7771257166
489,-711604.5658232339
490,-711699.1754243415
491,-711592.6049201828
492,-711579.1368363497
493,-711889.2875115606
494,-711669.3238474309
495,-711536.8983578893
496,-711680.7093903356
497,-711622.3037624998
498,-711702.7557997748
499,-711703.2664924724
500,-711782.6693022521
501,-711897.070154879
502,-711785.9790148691
503,-712400.4687400368
504,-711710.3107778643
505,-711782.1739754018
506,-711796.5813974773
507,-711597.1191809182
508,-711511.3291881871
509,-711664.231927607
510,-711801.4603317168
511,-711876.303549432
512,-711889.6041786041
513,-711852.1914626469
514,-711801.7713303992
515,-711810.8805276173
516,-711673.6062134363
517,-711650.5154275766
518,-711679.5449482974
519,-711619.5213312432
520,-711736.2995225411
521,-711592.938553115
522,-711571.6756047284
523,-711439.6620825569
524,-711268.824549963
525,-711279.1333191491
526,-711612.1682811362
527,-711270.9208390617
528,-711379.11696503
529,-711341.9868678367
530,-711501.8732220847
531,-711590.2080392346
532,-711531.0471131394
533,-711624.119252006
534,-711657.7719282515
535,-711585.1775832486
536,-712117.139047958
537,-711842.3804037857
538,-711785.718404499
539,-711721.1052637412
540,-711722.4336626815
541,-711545.8736114545
542,-711289.0130121235
543,-711386.4853305969
544,-711216.0690128811
545,-711218.0802504647
546,-711184.6420356767
547,-711080.5732975464
548,-711051.8456766477
549,-711105.5487243532
550,-711290.0274450483
551,-711277.6887055896
552,-711345.0288999957
553,-711282.6030900264
554,-711273.2956879863
555,-711216.3234041048
556,-711331.4060722914
557,-711139.7494597307
558,-711141.7391112519
559,-711267.9590370804
560,-711239.0080687772
561,-711327.2862242146
562,-711438.7097553269
563,-711411.5798319931
564,-711453.4727325174
565,-711625.8211985612
566,-711430.7417911227
567,-711622.2539937177
568,-711549.8007698553
569,-711510.5079222968
570,-711422.1469827262
571,-711322.9203283824
572,-711260.3573626217
573,-711166.9391982454
574,-711078.3125937204
575,-711100.7627885581
576,-711006.5614586293
577,-711103.7220997063
578,-711272.7031985365
579,-711123.2491751862
580,-711217.3327840648
581,-711162.9730775795
582,-711171.2453812939
583,-711137.1126855206
584,-711171.7317975818
585,-711320.686743649
586,-711249.0598691523
587,-711144.4320375955
588,-711089.9771858209
589,-711166.7651865802
590,-711241.8655248219
591,-711207.7976191889
592,-711239.0957225513
593,-711571.2132114986
594,-711089.4466397989
595,-711000.3236646216
596,-710886.4838765924
597,-710957.4673620987
598,-711519.4170211327
599,-711543.5207445542
600,-711002.8133224351
601,-710910.1487803715
602,-711096.3787853986
603,-710791.6147134978
604,-710714.6366916386
605,-710906.6449382292
606,-711413.6143938397
607,-710990.6979039272
608,-710847.7498881101
609,-710816.1723813515
610,-711013.2097437338
611,-711023.9958394265
612,-711305.0506673972
613,-711147.2816867554
614,-711140.1751889938
615,-711149.2656300913
616,-711040.3537322844
617,-710919.8873593827
618,-711045.6786383386
619,-711002.7994445531
620,-710907.3938050376
621,-710938.948505427
622,-710905.8214299784
623,-711014.1585565904
624,-710929.246543856
625,-710736.1301333929
626,-710872.9258848559
627,-710870.9241794279
628,-711650.5423987019
629,-711172.8321826519
630,-710951.682054367
631,-711020.1224491607
632,-710956.638832626
633,-710869.9704259511
634,-710857.8619529738
635,-710730.8983781458
636,-711022.8290628422
637,-710886.1050979844
638,-710750.510718273
639,-710785.0863350694
640,-710704.3208079934
641,-710865.3725465324
642,-710724.5544672032
643,-710898.636893063
644,-710822.6417219846
645,-710792.8543998871
646,-710678.1772310517
647,-710538.7842317385
648,-710532.4064274584
649,-710504.7570688635
650,-710596.1563964828
651,-710459.6852352238
652,-710881.301920684
653,-710346.5652949696
654,-710592.1800149461
655,-710423.2589120805
656,-710408.5259672651
657,-710219.8402742962
658,-711361.8228834567
659,-710469.2052375602
660,-710419.8208390839
661,-710216.738006464
662,-710053.1552461875
663,-710363.8425822998
664,-710343.9188275265
665,-710191.6743603316
666,-710225.1727671626
667,-711001.2810521495
668,-710587.8886870005
669,-710384.4889447293
670,-710599.3578657038
671,-710600.5263938825
672,-710511.1162316398
673,-710553.6826812895
674,-710778.1592967703
675,-710555.0599126533
676,-710455.3257586645
677,-710424.0950814468
678,-710217.1910244867
679,-710205.2232521672
680,-710247.2001608763
681,-710204.9242641377
682,-710322.537825682
683,-710295.3483783894
684,-710400.7533732213
685,-710371.3183814829
686,-710471.8546379913
687,-710410.6832681495
688,-710342.0104155858
689,-710292.8886660114
690,-710282.8557688865
691,-710258.6291564598
692,-710206.0409085389
693,-710408.8188727801
694,-710321.4362081869
695,-710397.0870010294
696,-710480.9173659903
697,-710344.1833146698
698,-710465.9907841859
699,-710570.2468001285
700,-710350.5234565916
701,-710332.0380383955
702,-710160.999010971
703,-710222.8379903055
704,-710349.4583459244
705,-710295.6268891772
706,-710246.4075378323
707,-710230.9038986088
708,-710126.791873003
709,-710093.3859646976
710,-710192.3112371675
711,-710021.6163975698
712,-710443.2797075468
713,-710271.234790844
714,-710320.0092950416
715,-710311.8208348317
716,-710322.7395284319
717,-710202.471680011
718,-710094.0190225546
719,-710176.019989788
720,-710272.8298644758
721,-710249.8337243948
722,-710143.1736652666
723,-710234.2983386021
724,-710231.271467614
725,-710138.0350718384
726,-710358.3548629492
727,-710096.8281862524
728,-710156.3694831749
729,-710082.7261502444
730,-710203.3053176564
731,-710183.7748191359
732,-710150.2068196113
733,-710320.7218972769
734,-710089.6678634617
735,-710495.5645722256
736,-710264.3462538302
737,-710254.8089647664
738,-710258.7407652714
739,-710148.4572217126
740,-710045.132161144
741,-710219.9347974143
742,-710296.383172551
743,-710257.7517386678
744,-710373.6901983335
745,-710417.7199181485
746,-710147.7121786241
747,-710253.4213073341
748,-710420.7700041136
749,-710498.9138199087
750,-710497.0215683375
751,-710381.4046184417
752,-710270.2606192135
753,-710171.7348382565
754,-710303.3403174637
755,-710648.4374236312
756,-710183.6175303614
757,-710318.9738522447
758,-710320.2476953035
759,-710348.77815657
760,-710491.0480930912
761,-710335.9787132343
762,-710184.1897390808
763,-710145.3360875427
764,-710263.04081622
765,-710108.1584437527
766,-710042.517052143
767,-709941.467117667
768,-709775.827571476
769,-709757.7433831929
770,-710011.2953164246
771,-709956.7587334769
772,-709943.5926327236
773,-709883.5387223044
774,-709977.0587668221
775,-709926.330007716
776,-709930.5579665022
777,-709923.0553455566
778,-710000.8720506454
779,-709796.5547405055
780,-709946.4125894951
781,-709975.5587977901
782,-709811.0925395071
783,-709822.7725925541
784,-709998.3400473159
785,-709963.4435366784
786,-710106.8095478462
787,-710046.9882935691
788,-710026.1393801013
789,-710107.3772402069
790,-710000.520941211
791,-710110.1969342901
792,-710120.4630792465
793,-710012.9976790224
794,-709907.4815330115
795,-709985.5742431758
796,-709892.8517356684
797,-709979.0889839055
798,-709851.681367924
799,-709983.9631216888
800,-710195.9384299181
801,-710374.6861437729
802,-710396.970424221
803,-710382.9613553964
804,-710422.0862829678
805,-710345.3348731056
806,-710237.7424573874
807,-710252.8303509343
808,-710597.7237700017
809,-710194.1701006189
810,-710117.3652403962
811,-710180.5435478328
812,-709761.6900029448
813,-710050.8853456252
814,-709936.5433567053
815,-709877.9512432758
816,-710068.0973614709
817,-710063.4227133343
818,-710109.5220162184
819,-710115.3743857277
820,-709998.4540444644
821,-710187.9310639316
822,-710070.3709985887
823,-710517.1969502073
824,-710275.7255128616
825,-710168.6764791589
826,-710199.7902097212
827,-710239.9045177611
828,-710261.2211340202
829,-710302.4895195236
830,-710264.7693732918
831,-710052.3926036666
832,-710163.3487304081
833,-710078.4833317999
834,-710214.1826585928
835,-710141.6018333234
836,-710190.1597118167
837,-710032.7683898297
838,-710019.3113053262
839,-710141.923796186
840,-710390.6643853846
841,-710230.3630287676
842,-710463.9227025224
843,-710363.8696371773
844,-710686.9479797193
845,-710332.9983704675
846,-710251.1649236049
847,-710312.1778922348
848,-710185.9989876206
849,-709858.4978096713
850,-709856.3252617775
851,-710013.0463359645
852,-710017.2569578405
853,-709883.3371701525
854,-710522.421390931
855,-709996.4766000847
856,-710292.7684007966
857,-709907.1989912364
858,-710047.5063709022
859,-709822.8786721613
860,-709835.1524493865
861,-709819.6923439725
862,-710070.3748878511
863,-709807.4545109995
864,-709756.6783581064
865,-709985.0101105787
866,-710086.2531061224
867,-710089.0974988848
868,-710055.7940546016
869,-710305.5511755857
870,-710138.0840972518
871,-710272.0091028473
872,-710316.16348262
873,-710158.1791745144
874,-710219.9313519571
875,-710235.7933193964
876,-711093.7141981804
877,-710224.1027428939
878,-710160.1690093238
879,-710205.6098716352
880,-710043.4766982184
881,-710117.1930952604
882,-710244.5349972692
883,-710266.2447350889
884,-710142.3129146856
885,-709954.4990478855
886,-709988.7821274792
887,-710381.1142286593
888,-710318.8299174513
889,-710257.8132350801
890,-710088.0947714944
891,-710050.6003696402
892,-709949.4802733533
893,-710064.6351397653
894,-710034.2976962753
895,-710455.6992491864
896,-710297.2536098806
897,-710203.6083106565
898,-710203.5668567976
899,-710088.2769274258
900,-710421.4721586314
901,-710265.7501716613
902,-710328.7596079734
903,-710192.2181377184
904,-710120.1856382005
905,-710136.1692453275
906,-710214.3115405545
907,-710171.5031386171
908,-710219.4696290666
909,-710237.601655553
910,-710120.3561067965
911,-710260.0097575444
912,-710065.3007055362
913,-709809.2905241239
914,-709952.4579680512
915,-709930.986507592
916,-710157.6071592418
917,-709985.8336080477
918,-710094.0178963459
919,-709823.3395032461
920,-710036.9193943064
921,-710189.2917071249
922,-710187.9122503098
923,-710459.1881877823
924,-710450.4189215427
925,-710376.2416277839
926,-710234.7344000782
927,-710125.206628868
928,-710020.158891274
929,-709894.7670795574
930,-710099.5558808008
931,-709900.6311300612
932,-709827.2495146566
933,-710153.526770207
934,-709895.2944789442
935,-709823.1826538071
936,-710111.318774173
937,-710174.9361287501
938,-710044.4790441169
939,-710049.2387123344
940,-709933.5566385053
941,-710013.1260359214
942,-710013.7648178594
943,-709853.3527194115
944,-709830.643906341
945,-709795.4590928609
946,-709797.5479849452
947,-709737.8876366755
948,-709741.7886573151
949,-709853.6715895442
950,-709709.7920969577
951,-709492.0435887154
952,-709555.8116842224
953,-709598.6504709567
954,-709617.950417464
955,-709545.838159318
956,-709538.9830213689
957,-709682.2533802594
958,-709674.9500449606
959,-709671.4933394503
960,-709764.524807176
961,-709939.4695284582
962,-709867.0432636013
963,-709941.9088235014
964,-709778.2323631359
965,-709645.2734129097
966,-709696.5851194364
967,-709784.9266004395
968,-709778.5179227613
969,-709758.4071046438
970,-710296.396035393
971,-709786.1532594577
972,-709701.0923317829
973,-709736.8737138625
974,-709614.5470604183
975,-709498.3717206048
976,-709629.0599294653
977,-710668.6805443929
978,-709886.0607900225
979,-709633.0145361549
980,-709543.0077337557
981,-709611.8189239538
982,-709409.9019689189
983,-709318.431005986
984,-709415.2702231642
985,-709514.9389596431
986,-709653.2413471454
987,-709462.5910874767
988,-709653.3416456624
989,-709436.2351185469
990,-709683.601235809
991,-709572.3492962035
992,-709627.940869899
993,-709716.3311487116
994,-709756.773038695
995,-709772.8440592957
996,-709866.5445283955
997,-709656.0595612896
998,-709577.9537166434
999,-709651.7281003633
