,0
0,-702684.4239746818
1,-707099.7811164535
2,-710893.9613750849
3,-713752.3516661698
4,-715585.5552399002
5,-716953.1673553091
6,-718640.7881854229
7,-720390.394802532
8,-721782.5648127954
9,-723313.438488998
10,-723990.0188167735
11,-724937.7880896576
12,-725592.9823747007
13,-726422.20786748
14,-727290.2639099223
15,-727682.9203264186
16,-728321.8787266839
17,-728868.8299411933
18,-729423.7802755171
19,-729740.7477064765
20,-730044.2306145051
21,-730274.4763320975
22,-730485.2498124916
23,-730607.6419512922
24,-730720.967269943
25,-730693.8851716571
26,-730859.6566404013
27,-731121.9941097221
28,-731097.0372477083
29,-731219.7421003516
30,-731132.3505525063
31,-730963.5826801438
32,-731000.1061750848
33,-730795.9732668317
34,-730603.6656436548
35,-730516.9088614235
36,-730249.2315918462
37,-730227.7383887644
38,-730274.1313023944
39,-730002.5558970742
40,-729849.9612011691
41,-729820.8563719371
42,-729678.5110850517
43,-729575.1969290153
44,-729270.0220700344
45,-729197.2376805788
46,-728904.3135311794
47,-728386.6304702746
48,-728368.7514826593
49,-728141.366940941
50,-727883.1436613268
51,-727691.1936079847
52,-727480.6467150872
53,-727387.7644858968
54,-727216.1395393511
55,-726915.6352168294
56,-726782.6160432476
57,-726474.2068889496
58,-726390.0121284875
59,-726118.6128197286
60,-725922.671443943
61,-725750.3786941065
62,-725397.4852955984
63,-724882.9120099384
64,-724720.9947675429
65,-724435.9514536505
66,-724234.0890186424
67,-723845.8044794749
68,-723676.3654254556
69,-723338.1246934809
70,-723043.7895262813
71,-722998.1390627951
72,-722685.5467701518
73,-722308.6748102432
74,-721946.7473465905
75,-721565.844647203
76,-721188.9170955826
77,-721054.609004922
78,-720972.7211170818
79,-720678.0475593174
80,-720541.2690806064
81,-720130.9125059107
82,-719800.5667240792
83,-719411.5758543306
84,-719050.4601626202
85,-718911.0937336404
86,-718546.593045838
87,-718273.7891250751
88,-718247.6589993573
89,-717918.056510667
90,-717490.9983915661
91,-717520.2487373785
92,-717159.5790354229
93,-716844.3397088606
94,-716571.6138373559
95,-716173.1765453657
96,-715942.3629870166
97,-715731.2268536688
98,-715356.7681304661
99,-715106.6811985185
100,-714822.3906009548
101,-714650.5486444992
102,-714334.8062451263
103,-714053.4489775612
104,-713726.529452924
105,-713406.6272483277
106,-713111.4212012828
107,-712708.8296962058
108,-712349.5400614991
109,-712122.1628267665
110,-711744.2641859833
111,-711571.2209358542
112,-711134.3710851223
113,-710889.7401873975
114,-710356.6333187101
115,-710050.8922923233
116,-709805.0938123128
117,-709419.8052754719
118,-709169.8081640054
119,-709159.9367357111
120,-708630.1521971325
121,-708075.2580861168
122,-707662.3985166952
123,-707205.9010528034
124,-706520.495427754
125,-706054.948922155
126,-705610.2186282637
127,-705209.0743617393
128,-704585.2034490962
129,-703934.822478053
130,-703522.7287226546
131,-702749.5331049195
132,-702175.9773948274
133,-701661.1053865807
134,-700995.3838556492
135,-700366.1580881301
136,-699768.5099432694
137,-699377.4297952437
138,-698740.363325502
139,-698366.0862872481
140,-697729.437111054
141,-697042.7131829574
142,-696520.5657822216
143,-695832.3707048628
144,-695247.23933914
145,-694312.2847921221
146,-693647.1032204736
147,-693133.1661173403
148,-692669.3121139039
149,-692203.0201810092
150,-691522.1058368472
151,-690956.1183868808
152,-690374.9553240694
153,-689554.4270932853
154,-689027.4071037617
155,-688487.6267477175
156,-687904.1815556679
157,-687361.5507876232
158,-686935.1997801873
159,-686354.4762982663
160,-685813.1653029021
161,-685325.8989834659
162,-684565.3579318709
163,-684004.213137392
164,-683487.6217519587
165,-682987.5365017611
166,-682387.5672951614
167,-681816.7975747682
168,-681393.0362027666
169,-681050.9950976543
170,-680440.6640743988
171,-680139.064767487
172,-679565.938406064
173,-679012.1491015819
174,-678480.7527916016
175,-678043.8621008839
176,-677419.6580525481
177,-677219.2179059658
178,-676862.2120167819
179,-676194.1462761895
180,-675773.4129194015
181,-675447.4721328716
182,-675214.3417319312
183,-674913.4815590561
184,-674568.1080289083
185,-674436.078285116
186,-674065.8992168232
187,-673707.432712696
188,-673629.4330205636
189,-673499.4158240381
190,-673216.7286373603
191,-672835.857696788
192,-672640.2520903175
193,-672542.1361579692
194,-672383.9356213488
195,-672262.7317037177
196,-671910.1627774867
197,-671684.0685932523
198,-671582.3627255501
199,-671237.0326935567
200,-671174.5677473684
201,-671153.6406598701
202,-671177.5889112692
203,-670884.2936060157
204,-670905.6768251794
205,-670804.2964371569
206,-670581.5440729231
207,-670316.17944245
208,-670297.8442709732
209,-670264.2456376806
210,-670223.6043645678
211,-670152.5281966019
212,-669977.4298785692
213,-669702.0174772945
214,-669550.719209435
215,-669399.6153982677
216,-669260.8055126928
217,-669301.4006266164
218,-669269.8220211106
219,-669168.6239523073
220,-668986.9215361777
221,-669092.5778157628
222,-669075.2822962939
223,-669114.3962751874
224,-669054.6195976029
225,-669039.5674612734
226,-668914.2779689232
227,-668890.0534878338
228,-668802.9285740778
229,-668844.1046091518
230,-668612.901145441
231,-668674.0954221175
232,-668801.0865972709
233,-668781.7781792459
234,-668607.0931109488
235,-668353.2103588918
236,-668342.9905901762
237,-668388.7328972392
238,-668262.3787938723
239,-668118.1243786309
240,-668219.448929977
241,-668590.9282862364
242,-668225.5156199777
243,-668128.8330064958
244,-667883.4497430174
245,-667730.6514394054
246,-667707.3139567896
247,-667666.540723798
248,-667489.3625119969
249,-667227.2308672304
250,-667300.5595785627
251,-666955.9694341291
252,-666986.6158569861
253,-666969.528925734
254,-666993.6701193153
255,-667012.1245964763
256,-666965.1145610432
257,-666916.3819509922
258,-666804.7100576373
259,-666775.2197714138
260,-666886.850862221
261,-666707.5058859995
262,-666792.0172932056
263,-666685.671856932
264,-666459.4362828576
265,-666629.7823620423
266,-666701.2830182386
267,-666576.0442134702
268,-666484.511708403
269,-666475.4594547187
270,-666434.5921941651
271,-666376.4378406148
272,-666489.351299044
273,-666339.5514027991
274,-666492.0651099646
275,-666376.5627323522
276,-666585.7060678182
277,-666815.2900196443
278,-666734.1294589504
279,-666832.4199522727
280,-666779.1826775392
281,-666832.4066705481
282,-666610.4133673576
283,-666555.0981530556
284,-666405.9014235452
285,-666395.3086262917
286,-666088.4824838799
287,-666035.0015313871
288,-666073.9783556275
289,-666123.6178579968
290,-665851.2254900746
291,-665770.0482566983
292,-665888.9664645646
293,-665850.1305222854
294,-665639.8870231382
295,-665700.5884482282
296,-665669.7562795848
297,-665570.9778469957
298,-665421.7151170659
299,-665487.3374507522
300,-665520.6538133968
301,-665563.1936764324
302,-665603.7664747965
303,-665593.8293225251
304,-665659.3750182373
305,-665779.2736621982
306,-665712.2985539881
307,-665659.2407891443
308,-665675.6874225191
309,-665639.4328383623
310,-665591.6407836274
311,-665551.3187739453
312,-665621.6164054715
313,-665639.7908270924
314,-665630.9719478565
315,-665363.1052266597
316,-665292.4626179228
317,-665210.342755398
318,-665146.7229462394
319,-665272.8199023154
320,-665325.8793276168
321,-665277.8191922536
322,-665408.9662548215
323,-665154.0360647156
324,-665146.6841056963
325,-665330.0904397047
326,-665286.3841177042
327,-665475.6950268709
328,-665471.5891205829
329,-665566.0380118908
330,-665665.0926430165
331,-665408.7836479231
332,-665343.9019281667
333,-665439.9916369459
334,-665341.2208142305
335,-665505.5039100631
336,-665688.1830199183
337,-665233.4996585117
338,-665264.8197646809
339,-665485.870434947
340,-665424.5062523556
341,-665265.9335466133
342,-665277.3305027802
343,-665191.3838764497
344,-665543.6374112329
345,-665418.0078482
346,-665472.279236544
347,-665393.4584074598
348,-665353.8622246135
349,-665290.1828617442
350,-665425.3568953854
351,-665571.9810045412
352,-665536.0292122918
353,-665483.2730188404
354,-665653.2929943929
355,-665431.4985130266
356,-665623.8801743839
357,-665479.381425083
358,-665387.121165586
359,-665212.9587308676
360,-665141.4424651987
361,-665018.7133192847
362,-664960.8386004416
363,-664789.1234003367
364,-664984.5647961922
365,-664735.2789732221
366,-664801.3154520603
367,-664668.7343512486
368,-664825.9633021381
369,-664743.8772551809
370,-664769.6844367479
371,-664910.9186437533
372,-665248.4815909757
373,-665876.1404661714
374,-665464.3421274807
375,-665182.7361522801
376,-664888.0039382469
377,-664853.4571867841
378,-664845.2622872224
379,-664845.3636421079
380,-664938.9934699506
381,-664792.169612733
382,-664916.391560501
383,-664718.8812678836
384,-664773.7768049091
385,-664850.2318215544
386,-664819.1414913243
387,-664973.6031882475
388,-664881.8736342887
389,-665030.2540723784
390,-664986.6535397313
391,-665153.8050102004
392,-665125.6988763956
393,-665716.5237184354
394,-665323.818498105
395,-665089.698917917
396,-665063.4836889498
397,-664948.1281509547
398,-664791.7445049107
399,-664949.3913048548
400,-664891.1214710991
401,-664800.1779016335
402,-664839.9609635823
403,-664684.0204505613
404,-664666.4520688597
405,-664619.2182145662
406,-664626.8424656315
407,-664635.5304345179
408,-664444.7675594613
409,-664485.308652233
410,-664267.0334770342
411,-664559.2895260097
412,-664590.3837282337
413,-664499.5655406566
414,-664469.6705763746
415,-664387.3510815538
416,-664731.7507049453
417,-664211.6270430101
418,-664505.5986644786
419,-664398.6456078411
420,-664251.8519988034
421,-664118.8340546503
422,-664096.6432903137
423,-664127.0327117633
424,-664023.9479189299
425,-664039.6522060297
426,-664240.1797432026
427,-664518.1330761632
428,-664093.8896326581
429,-664165.8230376635
430,-664131.104661785
431,-663999.6525708677
432,-663949.6908023219
433,-663850.5802262899
434,-663817.19683662
435,-663766.5733573625
436,-663730.2814626985
437,-663729.0456694192
438,-663881.8205417572
439,-663731.6255037262
440,-663650.7964106251
441,-663640.8986914858
442,-663748.9521254626
443,-663713.4123761213
444,-663598.806572441
445,-663714.8895413178
446,-663529.9137778669
447,-663437.6895580413
448,-663476.8374757601
449,-663555.2927217865
450,-663704.8772032224
451,-663622.4051026427
452,-663960.4041162471
453,-663932.6559641106
454,-663964.3516473393
455,-664203.1045691358
456,-663981.871393044
457,-664021.3371654737
458,-663935.0632386621
459,-663792.3752232208
460,-663920.5013004701
461,-663603.6268492515
462,-663377.6870858935
463,-663360.2891860956
464,-663343.904377408
465,-663626.5689687218
466,-663943.3612893298
467,-663632.2463253088
468,-663517.4250480009
469,-663410.5450345845
470,-663387.6673659605
471,-663384.582484122
472,-663219.9121600689
473,-663281.6529140514
474,-663441.3917057582
475,-663799.3677590548
476,-663492.3007657363
477,-663948.6907673208
478,-663816.9987488845
479,-663999.7136913111
480,-663826.5885040354
481,-663750.6587307319
482,-663610.9195243875
483,-663437.6538907315
484,-663542.1313555207
485,-663474.0522066387
486,-663217.8505757047
487,-663226.4365345025
488,-663416.7985722888
489,-663240.1464450335
490,-663392.9247026906
491,-663501.7669754915
492,-663640.8510627137
493,-663388.8971430653
494,-663398.2757331487
495,-663376.0940795835
496,-663384.3240399711
497,-663360.1626381779
498,-663194.3359573421
499,-663220.5882879347
500,-663015.5117597883
501,-663170.3534023339
502,-663008.3369197659
503,-663136.309933918
504,-663084.9029446774
505,-663061.645431249
506,-663067.8858084661
507,-662997.3034289199
508,-663541.5332720007
509,-663299.9978480267
510,-663734.4833080738
511,-663320.6311552515
512,-663218.9235990031
513,-663135.3121249538
514,-663157.7543542741
515,-663131.4370908021
516,-663118.0461543524
517,-663445.9647633265
518,-663389.777293253
519,-663221.4804611654
520,-663135.0229608674
521,-663142.5489088799
522,-663144.334425088
523,-663086.5237710988
524,-663112.4824137386
525,-663224.079668028
526,-663180.9872366643
527,-663405.8578570709
528,-663489.234347162
529,-663620.3665721683
530,-663617.2176698702
531,-663541.3983812245
532,-663346.8189687992
533,-663412.877047694
534,-663399.2649409113
535,-663353.8778200875
536,-663176.8224279216
537,-663141.2466004614
538,-663258.7137661309
539,-663309.4953658483
540,-663026.9389384398
541,-662825.778041893
542,-663258.9325793479
543,-663094.239874191
544,-663114.2171846039
545,-663152.6596548611
546,-662970.5194463648
547,-663207.0685583098
548,-663136.4275308028
549,-663150.4622301316
550,-663192.8686320102
551,-663166.4932105896
552,-663166.6878577728
553,-663143.6000681773
554,-662990.6899824995
555,-663270.8844264046
556,-663200.902572152
557,-663092.544511344
558,-663022.4342900665
559,-663062.227910102
560,-663277.0180927169
561,-663105.7090949786
562,-663143.3354553772
563,-663287.6551049772
564,-663157.538345383
565,-663083.6307625427
566,-663208.9734371997
567,-663102.4595632917
568,-663196.7372919336
569,-663006.380621597
570,-663129.6164872393
571,-663279.0104245078
572,-663282.8159395105
573,-663274.5539119315
574,-663227.23147465
575,-663169.9399252885
576,-663477.1501722799
577,-663446.3100105369
578,-663185.2294671584
579,-663304.2995784088
580,-663224.7175845662
581,-663436.8403139799
582,-663541.5052440427
583,-663668.6482335231
584,-663522.6037578383
585,-663568.5136473748
586,-663254.2642603378
587,-663202.3870261553
588,-663099.9090830951
589,-663097.1441880459
590,-662847.4181698037
591,-662791.6472451697
592,-662888.83970833
593,-662744.2189280601
594,-662725.6853288156
595,-662713.9882188071
596,-662679.6113309772
597,-662668.1363234321
598,-662920.9253019458
599,-662934.0121127557
600,-662778.9197172412
601,-662977.7579365573
602,-662924.9304820627
603,-662852.3841386645
604,-662771.1194744759
605,-663013.632846826
606,-662993.8635077358
607,-663089.8124662302
608,-662891.5213271315
609,-663040.2454137948
610,-662950.779519371
611,-662889.1073781318
612,-662828.1846726224
613,-662696.6106609908
614,-662600.701901906
615,-662893.7765093908
616,-663008.5353175293
617,-663031.0956101919
618,-662871.3229000588
619,-662906.9012893515
620,-662916.2736180926
621,-662821.4000949949
622,-662746.7933093088
623,-662547.2935014167
624,-662893.9469621523
625,-662703.1456828484
626,-662668.2765295439
627,-662613.1308122887
628,-662421.1574037314
629,-662539.0382018934
630,-662406.406620642
631,-662360.9142302298
632,-662490.6813466039
633,-662874.49589678
634,-662845.5530049901
635,-662913.6394179408
636,-662809.4622730163
637,-662842.6356216125
638,-662864.0685143897
639,-662821.564121547
640,-662821.4048343073
641,-662684.8861506528
642,-662596.6682269528
643,-662723.2521871005
644,-663252.2112640432
645,-662888.3157786815
646,-662933.4229650262
647,-662808.2274841841
648,-662944.3551445062
649,-662882.3634475099
650,-662656.6566956005
651,-662762.1509509095
652,-662586.1884076931
653,-662688.7958638904
654,-662469.720908747
655,-662474.3763088348
656,-662299.9164828081
657,-662430.8208907194
658,-662177.950555593
659,-662312.6835718108
660,-662551.1024142405
661,-662731.5025100621
662,-662630.9520765087
663,-662876.3902622496
664,-662528.2610447792
665,-662492.516168391
666,-662465.7798241015
667,-662318.9539871102
668,-662338.371818953
669,-662301.3036284334
670,-662068.8214186257
671,-662035.9988409127
672,-662076.8688404599
673,-662156.3397020269
674,-662099.5003470696
675,-662027.5322747235
676,-661867.7926448187
677,-662066.9689681311
678,-661938.3627259709
679,-662201.5142503607
680,-662021.9383604274
681,-662175.1818080283
682,-662137.9246146026
683,-661862.4767650616
684,-661700.8252846668
685,-661849.11595337
686,-661878.172828945
687,-661989.8589315341
688,-662173.7296844181
689,-661775.8787477684
690,-661945.4980099929
691,-662224.9998694917
692,-662156.3802515529
693,-662064.4811054122
694,-662109.5837476515
695,-662077.5850726565
696,-662103.9780437398
697,-662080.1623320329
698,-662120.2119190003
699,-662036.1156371533
700,-662164.1729103787
701,-662049.7988659994
702,-662178.9542509998
703,-662241.39485676
704,-662068.4534604353
705,-662516.7765305236
706,-662118.4608256177
707,-662337.4278945541
708,-662146.5907663811
709,-662131.6744000269
710,-662209.6991859995
711,-662042.6604270817
712,-661902.9102330463
713,-661914.6194063504
714,-661853.0066708024
715,-661944.6040519509
716,-662043.764934373
717,-662325.1281911128
718,-662356.0102299453
719,-662355.860149876
720,-662046.7252574513
721,-662104.4530791946
722,-662185.6021754626
723,-662055.9018722065
724,-662049.7103491373
725,-662053.0325944151
726,-662040.7602093231
727,-662003.5136277729
728,-662056.762143694
729,-661945.1240337094
730,-662035.0518813154
731,-661930.8139683242
732,-661948.431709839
733,-662182.4002308397
734,-661989.0128867356
735,-661990.5599590237
736,-662018.6972579381
737,-662144.5987155533
738,-661975.7857699629
739,-662210.0298080578
740,-662395.758631431
741,-662262.3678788968
742,-662253.1893675289
743,-662248.6605875766
744,-662225.7024571792
745,-662133.961634313
746,-662279.8050548157
747,-661960.4406233381
748,-662281.6523912761
749,-662273.5967026486
750,-662327.1013702623
751,-662467.8538387567
752,-662586.2173388224
753,-662388.6855489459
754,-662287.1260697055
755,-662160.957847161
756,-662160.9352639944
757,-662130.4472354399
758,-662422.5292059709
759,-662511.9129811012
760,-662344.8008830481
761,-662790.7490879503
762,-662906.1651371168
763,-662830.6531470199
764,-662634.6192701933
765,-662628.3117306127
766,-662441.5468694037
767,-662246.865655477
768,-662213.5807475474
769,-662017.3875041818
770,-662012.675594602
771,-662070.1294728004
772,-661858.0165607109
773,-661851.6569923096
774,-661951.2658169714
775,-661978.4283890094
776,-661922.5988390467
777,-661847.1492365791
778,-661918.4523509747
779,-661918.8366794124
780,-661943.7815161636
781,-662032.9129472885
782,-661753.2540031904
783,-661847.4875875913
784,-661781.680504491
785,-661708.2465642921
786,-661724.489156949
787,-662004.5753003627
788,-662103.416583286
789,-662126.8323949132
790,-661978.602046577
791,-662138.409859538
792,-662121.7638741569
793,-662005.3676768098
794,-662221.0362230581
795,-662257.5517442094
796,-662332.8953043844
797,-662319.4150298111
798,-662099.4242010661
799,-662178.8133863433
800,-662054.7643105726
801,-661960.0531558513
802,-661834.7332754257
803,-661938.287663032
804,-662035.4862507874
805,-662162.0142376646
806,-662146.9614726783
807,-662289.1825298006
808,-662013.09777901
809,-662309.8542784305
810,-662159.6845580112
811,-662066.6868699343
812,-662223.0362877467
813,-662423.1995023858
814,-662454.564294969
815,-662189.5322347984
816,-662130.9701103502
817,-661973.7827202907
818,-662031.8824238308
819,-662187.8421647185
820,-662239.6267979275
821,-662382.1176872655
822,-662335.8523066579
823,-662338.1543163047
824,-662454.2529954853
825,-662347.2362220437
826,-662168.1084474599
827,-662154.8378487063
828,-662270.7610080746
829,-662153.121100089
830,-662111.3664250645
831,-662279.6897196657
832,-662119.2071247546
833,-662106.7162096538
834,-662217.2234139316
835,-662212.5423130557
836,-662137.1923126165
837,-661990.1324920144
838,-661820.0394999646
839,-662113.5674242937
840,-662066.2581794858
841,-662198.6948378183
842,-662046.2971142831
843,-662103.9259056054
844,-662041.9038083993
845,-662138.240157078
846,-662243.5386638809
847,-662248.8300251209
848,-662241.6715364627
849,-662153.4164656323
850,-662202.6952569918
851,-662054.1902094132
852,-662025.8852727814
853,-662025.1837535944
854,-661955.1441598585
855,-662182.4909342027
856,-662021.1822171094
857,-661765.0066270884
858,-661876.8139559465
859,-661835.9063879516
860,-661712.8212373895
861,-661808.6723770066
862,-661965.673904012
863,-661960.436513469
864,-661967.085113912
865,-662308.4914044336
866,-662197.3885473141
867,-662179.8052404163
868,-662320.6148677481
869,-662294.5018727026
870,-662316.6204733412
871,-662254.9843889845
872,-662393.8848854803
873,-662209.4442128971
874,-662118.9398945379
875,-662123.1070383118
876,-662230.2378431
877,-662460.8892306032
878,-662397.6061926989
879,-662269.758109637
880,-662330.779631399
881,-662548.9566081642
882,-662514.4581010642
883,-662334.7603257566
884,-662261.2116254661
885,-662148.0917600116
886,-662127.4911620117
887,-662501.969934634
888,-662349.1573238152
889,-662322.688968405
890,-662524.3453589682
891,-662636.6642833563
892,-662662.9123620805
893,-662706.9554638931
894,-662654.466467791
895,-662388.1290384242
896,-662254.6665720636
897,-662373.9725183632
898,-662368.0304428912
899,-662326.4779103396
900,-662448.7118683462
901,-662444.4729338166
902,-662382.6133966049
903,-662298.0195117778
904,-662430.497020163
905,-662351.6564997077
906,-662545.3601689466
907,-662452.3255338708
908,-662302.1657448724
909,-662418.4447746709
910,-662579.0248119248
911,-662798.5076873368
912,-662617.5638872959
913,-662363.0199795982
914,-662632.161283944
915,-662500.5192475197
916,-662361.5186056149
917,-662264.3860687271
918,-662266.6345654159
919,-662407.1759577777
920,-662356.9192432818
921,-662693.0282164105
922,-662689.0450117599
923,-662636.5408829261
924,-662434.9807208364
925,-662525.1785549925
926,-662620.3906839397
927,-662339.1061864737
928,-662291.5278746643
929,-662364.3943290585
930,-662443.255836717
931,-662492.0764276655
932,-662432.4979473931
933,-662384.5376876149
934,-662507.8850888622
935,-662558.0697839765
936,-662108.7438676737
937,-662070.3913628776
938,-662085.253860636
939,-661966.3640245161
940,-662238.597010624
941,-662378.2228638589
942,-662172.5932076074
943,-662101.9656578047
944,-662258.6142721998
945,-662024.0691914228
946,-662179.1968576205
947,-662229.7928922453
948,-662182.3078571899
949,-662461.391684014
950,-662224.4228004571
951,-662472.3168214733
952,-662112.25858285
953,-662106.5761224979
954,-662256.0014341014
955,-662428.3826060868
956,-662468.6193335576
957,-662277.2667531893
958,-662245.7088531594
959,-662442.2979826777
960,-662516.5405514998
961,-662583.3438772605
962,-662640.2243083555
963,-662412.3848671974
964,-662635.4808169765
965,-662444.7098614132
966,-662304.5698906468
967,-662488.116800954
968,-662397.8345579682
969,-662431.6802753466
970,-662267.1555065215
971,-662273.8791811944
972,-662503.6878776124
973,-662288.913772815
974,-662156.1030639692
975,-662505.7899734087
976,-662407.5399421758
977,-662567.0047247591
978,-662388.848955195
979,-662464.9382185016
980,-662515.5682886705
981,-662426.9220636552
982,-662425.7287159588
983,-662667.2997991004
984,-662667.4427241473
985,-662570.0514845233
986,-662510.6555545448
987,-662408.1934075105
988,-662563.3952759778
989,-662573.9335195837
990,-662380.6028028429
991,-662246.9000624658
992,-662228.4584072029
993,-662169.6755916
994,-662150.1410536243
995,-662231.0868180285
996,-662249.7587821359
997,-662311.6685903114
998,-662315.8955025544
999,-662428.6781476621
