,0
0,-703166.9025581768
1,-707628.46544949
2,-711067.6864654593
3,-713891.1262965573
4,-716227.8332555675
5,-717406.8940142347
6,-719057.0672560472
7,-720491.2175479693
8,-721807.8923958428
9,-723125.0645796162
10,-723770.9666357824
11,-724669.4211260595
12,-725457.1637259375
13,-726123.9970206461
14,-726651.1635784451
15,-726862.493651945
16,-727013.3599438188
17,-727213.5924210008
18,-727351.3073670528
19,-727146.5518645584
20,-726960.8745895257
21,-726922.85153396
22,-726894.4289876334
23,-726688.1028306995
24,-726597.1051196762
25,-726417.1596097467
26,-726328.0483864143
27,-726213.7372069736
28,-725788.6815057242
29,-725389.779494863
30,-725230.4560070343
31,-724934.0565190861
32,-724845.2070619704
33,-724479.8674590079
34,-724104.6008012041
35,-723909.1217645461
36,-723482.5841482814
37,-723255.4211827945
38,-723110.6478886409
39,-722792.090166016
40,-722542.2367482717
41,-722099.4327951834
42,-722004.3844556132
43,-721726.7088556152
44,-721206.6728508595
45,-720756.0316445325
46,-720498.6921490075
47,-720041.2434565005
48,-719604.2048525789
49,-719111.2839701133
50,-718784.6684653057
51,-718306.3937538726
52,-717948.8497558977
53,-717473.0263248665
54,-717135.8922410781
55,-716622.8023894051
56,-716170.7208013734
57,-715880.3759038504
58,-715553.2779075023
59,-715412.9691959233
60,-715096.9443870344
61,-714616.3088077675
62,-714293.290886197
63,-714250.7242780573
64,-713773.9010301082
65,-713477.406431601
66,-713011.3615311194
67,-712778.5382875106
68,-712375.3775112748
69,-712071.5753772724
70,-711931.4136247858
71,-711621.0654634738
72,-710977.1736339291
73,-710684.3922495309
74,-710333.9818981421
75,-709766.9379877362
76,-709244.5887013541
77,-708747.363995693
78,-708329.5662830658
79,-707973.388788463
80,-707685.1245871952
81,-707112.3442199894
82,-706594.4174962827
83,-705957.4086907698
84,-705459.4709869077
85,-705045.5074287112
86,-704446.148486452
87,-703939.6107360078
88,-703252.1550683121
89,-702686.2221181963
90,-702137.3674886972
91,-701795.0638797913
92,-701195.2406686345
93,-700336.0980004764
94,-699590.332404159
95,-699068.2813225812
96,-698151.9588166077
97,-697211.7891419479
98,-696419.2219745917
99,-695698.3516481225
100,-694859.3841108517
101,-694059.9659211676
102,-693124.9703456681
103,-692427.7812741764
104,-691560.7612380808
105,-690580.2167447467
106,-689869.855579067
107,-689026.2192040847
108,-688168.8372367874
109,-687429.6745439799
110,-686930.6326876618
111,-686061.9873121689
112,-685411.6759910417
113,-684687.7222040558
114,-683873.6883326521
115,-683047.1502838862
116,-682458.3062113869
117,-681681.701127493
118,-681375.2515213094
119,-680716.3406647434
120,-679995.2581072409
121,-679190.5578735111
122,-678553.8950488674
123,-677837.4756484902
124,-677379.1128801506
125,-676871.2781437427
126,-676270.017612203
127,-675757.1238504157
128,-674962.0396105697
129,-674753.4548843894
130,-674149.8328337442
131,-673680.5839631457
132,-673412.7779237762
133,-673133.671778795
134,-672648.4489995629
135,-672414.0922412184
136,-672125.2937841824
137,-671612.0693375808
138,-671313.7957579007
139,-671054.2940928205
140,-670931.5094564725
141,-670765.5616813089
142,-670724.8014209983
143,-670527.1141191063
144,-670513.3841540528
145,-670610.562262607
146,-670160.8066890138
147,-669985.1299144728
148,-669764.0110859121
149,-669781.069604157
150,-669881.5528634866
151,-669888.2523417347
152,-669613.9717697516
153,-669668.7787715063
154,-669205.9223249296
155,-669189.1791332081
156,-669196.162180194
157,-669224.8098203313
158,-669130.4169702505
159,-669094.586062062
160,-668713.8356386506
161,-668628.4006554643
162,-668579.8353746185
163,-668447.5089504046
164,-668526.1564261393
165,-668472.9446720909
166,-668350.5512831392
167,-668330.851045061
168,-668305.7289357919
169,-668266.8693095485
170,-668430.2107371674
171,-668205.8040586732
172,-668136.7944309721
173,-668045.792908936
174,-668234.5677628514
175,-668348.4224101531
176,-668277.5422358429
177,-668016.9430398144
178,-667979.7798604472
179,-668047.1161893205
180,-667899.0370041588
181,-667602.2982821788
182,-667407.0389461012
183,-667304.0188937538
184,-667335.2492350737
185,-667107.2177992245
186,-666842.1687610765
187,-666850.2374096767
188,-666757.214092934
189,-666781.9108344518
190,-666730.3242444653
191,-666647.015156848
192,-666558.8568168412
193,-666457.7411519813
194,-666585.8080356161
195,-666070.9962562014
196,-666199.5993134241
197,-666169.0408098972
198,-666203.4443069785
199,-666163.514534697
200,-666014.732123825
201,-665881.9966167562
202,-665912.3885466754
203,-665881.3432959288
204,-665687.6876591217
205,-665484.7885133576
206,-665447.3142260214
207,-665702.0269468637
208,-665323.7841937757
209,-665145.633126715
210,-665066.9787296471
211,-664967.4991806529
212,-665230.0851762368
213,-664761.7792446956
214,-664777.5566253675
215,-664587.7671508195
216,-664829.7342219357
217,-665071.9565894299
218,-664924.9262800096
219,-665109.3294272049
220,-665012.0397040726
221,-665016.8251319089
222,-665159.6267824505
223,-665202.4070456409
224,-665350.978248413
225,-665343.0036435884
226,-664975.8528528769
227,-664953.7816350939
228,-664981.2717358846
229,-664968.5741371479
230,-665086.1324015629
231,-664918.5562970511
232,-664784.3405445905
233,-664758.9864595956
234,-665105.0623084895
235,-665123.7845855845
236,-664996.650290848
237,-665052.1438303262
238,-665150.1370925453
239,-664813.2241999457
240,-664467.0813945805
241,-664876.9155030126
242,-664526.554076858
243,-664839.0003958902
244,-665252.9291230454
245,-664866.5730933215
246,-664798.814052552
247,-664769.0085291934
248,-664919.5634882108
249,-664856.9803927471
250,-664940.343316398
251,-664592.5731724134
252,-664419.455349351
253,-664305.6395624804
254,-664415.6314757898
255,-664487.8775312495
256,-664671.1787141485
257,-664799.1523228297
258,-664479.3023157573
259,-664370.106168549
260,-664225.249997332
261,-664184.9580271213
262,-664218.0348058561
263,-664189.9148235973
264,-664202.9390748502
265,-663930.3197624888
266,-664122.1685076489
267,-663869.9337379322
268,-664278.342406987
269,-664045.0080469067
270,-664152.323720685
271,-664145.4124054101
272,-664072.8701421439
273,-664243.286845505
274,-664128.8359952809
275,-664111.637169665
276,-663731.1459528485
277,-663707.5754940344
278,-663558.4243026599
279,-663541.8261102478
280,-663658.2510901971
281,-664088.2043981253
282,-663603.6452503344
283,-663313.0442424533
284,-663256.124083238
285,-663366.9028861749
286,-663425.3020553404
287,-663725.6440569548
288,-663231.0269266891
289,-663004.1160754582
290,-663027.7974845652
291,-662966.0325011899
292,-662971.5668584212
293,-663033.5022319866
294,-663229.565024829
295,-663293.0680098669
296,-662954.5088061665
297,-662951.7037654852
298,-662943.1837408637
299,-663023.9237087657
300,-662750.3181527186
301,-662918.8797481329
302,-663066.7705626722
303,-662726.7644740291
304,-662495.1632897521
305,-662628.1612555477
306,-662816.8650385594
307,-662581.427433356
308,-662326.8965153953
309,-662642.5283332311
310,-662709.6424798863
311,-662657.6529027454
312,-662863.007996539
313,-663012.1842223296
314,-663055.9754966334
315,-662977.9382830943
316,-662796.7485184232
317,-662648.9150906951
318,-662668.3019936559
319,-662795.8796599848
320,-663501.6625314468
321,-663174.4951779271
322,-663402.0270664339
323,-663328.7094288176
324,-663507.6339997902
325,-663223.7398002474
326,-663001.2253600025
327,-663026.8872212737
328,-662896.5822544581
329,-662906.101574928
330,-662883.1259902398
331,-662949.9140455067
332,-662958.0134961774
333,-663132.0963974231
334,-663117.5661807065
335,-662652.3335501448
336,-662842.8120862299
337,-662886.1212951939
338,-662802.3621872322
339,-663262.6911118962
340,-663079.9848458829
341,-663575.7547601609
342,-663177.8358521187
343,-663443.4012013826
344,-663229.6265247754
345,-663178.8153927652
346,-663304.7591600001
347,-662904.5237438352
348,-663125.9928603158
349,-663255.0672826259
350,-663241.1542185515
351,-663211.570118477
352,-663279.8541082508
353,-663766.3409238424
354,-663597.8767844518
355,-663597.1576852561
356,-663670.1431257034
357,-663697.152654259
358,-663885.3141773151
359,-663633.7685464607
360,-663191.275831801
361,-662914.0640160182
362,-663045.2113105785
363,-662925.4237851864
364,-662777.5728703623
365,-662870.0679131856
366,-662605.67052879
367,-662422.7914469662
368,-662417.4912024079
369,-662554.9055626813
370,-662788.9893891065
371,-662941.9534818457
372,-662846.8612211967
373,-662767.7889827187
374,-663050.3478927818
375,-662819.0318745348
376,-663215.8162801915
377,-662793.5884000771
378,-663007.5703554336
379,-663064.1089413875
380,-662924.9751870254
381,-662817.2159900411
382,-662974.0880107605
383,-663001.5124089742
384,-662933.2802770181
385,-662842.605625792
386,-662781.1518276194
387,-662763.1392233394
388,-662712.8771970618
389,-662559.2859228969
390,-662741.5019328278
391,-662763.7367454309
392,-662883.4428388025
393,-663233.576683795
394,-663090.8504735547
395,-663263.3953112161
396,-662974.6830154876
397,-663270.7153654885
398,-663065.3224662134
399,-662829.1103265848
400,-663410.0187272707
401,-663120.7498322884
402,-663000.2922740865
403,-662934.5763188837
404,-662752.5731345743
405,-662758.523344089
406,-662560.3648938695
407,-662675.6154644898
408,-662527.9845806961
409,-662341.1215772515
410,-662269.9704208465
411,-662223.7750769616
412,-662308.9833972686
413,-662235.2417069565
414,-662354.2414709822
415,-662099.9812564929
416,-662318.3597586204
417,-662388.6788121004
418,-662298.8051422
419,-662276.9028663263
420,-662618.7974521505
421,-662557.5020453652
422,-662612.2049218803
423,-662744.2058206109
424,-662901.7066431338
425,-662878.7434087668
426,-663143.2675824439
427,-662913.393841591
428,-662905.5337665331
429,-662717.461907801
430,-662806.4900018865
431,-662778.8723100594
432,-663048.3949469252
433,-662711.6521117829
434,-662678.4028801832
435,-662772.32075846
436,-662955.2821783186
437,-663105.7511021896
438,-662888.7267602419
439,-662785.6098303011
440,-662654.7865929821
441,-662534.3553679583
442,-662628.1222463336
443,-662508.8171718039
444,-662717.7027549294
445,-662505.123292722
446,-662556.3758519315
447,-662747.3577502082
448,-663109.560310193
449,-662946.6589878434
450,-662782.219098923
451,-662721.3547014834
452,-662497.3429781435
453,-662414.2132596469
454,-662381.2257553547
455,-662500.9695342355
456,-662528.6452824299
457,-662635.7388398864
458,-662517.7471897796
459,-662595.8322286779
460,-663054.7567251988
461,-662996.2633821341
462,-662795.2755967797
463,-663085.5206816831
464,-662966.0421626845
465,-662864.959430209
466,-663450.1531469121
467,-663199.9348704502
468,-662988.29919229
469,-662917.8612250576
470,-662706.2297924604
471,-662730.5745526812
472,-663219.8522481814
473,-663033.3683130746
474,-663001.8313688467
475,-663029.7580899493
476,-662909.5540575106
477,-663302.3606818966
478,-663096.2673652564
479,-663051.0063067586
480,-662939.847035702
481,-662826.0495979488
482,-662873.7070454835
483,-663096.5056384547
484,-662944.3037591114
485,-662770.9618358238
486,-662741.8152352589
487,-662891.3393853485
488,-662588.3854645881
489,-662974.236938484
490,-662776.2583352964
491,-662595.0547974888
492,-662439.6371763683
493,-661984.572859407
494,-661898.2771302748
495,-662103.5830592385
496,-662015.6098971259
497,-661938.1417221219
498,-662003.311840099
499,-662339.3881981849
500,-662149.8552938113
501,-662147.3117996261
502,-662260.3010591924
503,-662086.2045843248
504,-661931.3736538995
505,-661869.4975112381
506,-662043.630742222
507,-662482.4478071993
508,-662638.3850236645
509,-662572.5221139732
510,-662464.780937928
511,-662473.1907031364
512,-662522.8300081571
513,-662647.5311024304
514,-662566.5397872967
515,-662890.5097463687
516,-663015.1139838008
517,-663089.4845447596
518,-662960.072114322
519,-662881.7376863115
520,-662673.3162579448
521,-662510.7386358669
522,-662682.9779407205
523,-662656.6583718456
524,-662931.6121843804
525,-662919.7641156102
526,-662892.1859184857
527,-663167.7345532115
528,-663023.6952866997
529,-662849.9509713559
530,-662662.7793289205
531,-662717.1336168534
532,-662391.3427088577
533,-662826.4446854347
534,-662772.1332018509
535,-662418.0694388071
536,-662935.5248633394
537,-662741.9534120731
538,-662894.4181487785
539,-662904.443629231
540,-662876.2753794913
541,-663317.3484568218
542,-662776.9670006882
543,-662665.9848274838
544,-662555.8499454855
545,-662597.3582843293
546,-662823.5245428211
547,-662842.330515508
548,-662609.8656489704
549,-662800.5168992492
550,-662770.8461497026
551,-663081.9409491885
552,-662723.7770522913
553,-662951.6594822096
554,-662867.8945339473
555,-662925.1821758689
556,-662807.3003370181
557,-662860.7298908784
558,-662839.7922645358
559,-663144.5694101104
560,-663039.6332108869
561,-663141.7316174882
562,-662941.334966453
563,-662993.2661400028
564,-663002.8909998632
565,-662632.0125226744
566,-662728.8934557963
567,-662686.425036215
568,-662591.0366654979
569,-662396.2453275422
570,-662442.4299945039
571,-662731.4415046955
572,-662739.3178529127
573,-662948.4702409516
574,-662933.3520238139
575,-663052.2882838646
576,-663132.7973467567
577,-663006.3286392625
578,-662896.7192192056
579,-663031.4200074687
580,-662995.3765723135
581,-662838.4689074418
582,-662924.711749687
583,-662873.0666128988
584,-662932.8781741826
585,-662886.9879828098
586,-662537.9175247694
587,-662621.540635759
588,-662877.1325564819
589,-662756.3881347227
590,-662797.8014575526
591,-662438.1225010183
592,-662370.3979798624
593,-662512.2513278174
594,-662521.61091253
595,-662652.4528245601
596,-662655.8644486129
597,-662806.4818286648
598,-662698.3904968469
599,-662616.8233731004
600,-662397.5460469415
601,-662257.1268223511
602,-662318.0950368643
603,-662331.7138836519
604,-662423.3036936205
605,-662644.7140710524
606,-662330.4155023143
607,-662348.303614189
608,-662408.1927952174
609,-662124.6858079598
610,-662226.6018803819
611,-662270.9335888226
612,-662406.6476921737
613,-662584.9858873326
614,-662666.1236583011
615,-662490.7573897366
616,-662679.63246286
617,-662936.9874079993
618,-662809.6714068844
619,-662883.6586074788
620,-662942.2706205263
621,-662867.9333410935
622,-662844.9845656012
623,-662727.1049969059
624,-662578.2998019981
625,-662901.1560727023
626,-662767.6959222459
627,-662707.6313137845
628,-662725.2301063059
629,-663018.2348628595
630,-662779.3910872926
631,-662812.8099046126
632,-662836.4168083185
633,-663159.9412915481
634,-663011.3118286
635,-662948.8268945208
636,-662925.4990597178
637,-663146.9132374262
638,-662751.4488008305
639,-662805.5595187809
640,-662748.117389686
641,-662634.2980473898
642,-663085.5466390281
643,-662437.9473387963
644,-662422.0445830557
645,-662330.9365360639
646,-662048.0886338148
647,-662121.9275623839
648,-662409.0927238278
649,-662367.51024183
650,-662289.5168518777
651,-662191.2372760542
652,-662161.374521867
653,-662478.5490621827
654,-662509.233927514
655,-662512.5587957839
656,-662486.4856436186
657,-662361.6783981445
658,-662517.5093211473
659,-662347.746518056
660,-662249.656549045
661,-662496.0893301984
662,-662847.2918979842
663,-662881.8802571875
664,-662993.76811472
665,-662877.6770694171
666,-662871.6406000837
667,-662695.3431571231
668,-662630.9664435984
669,-662523.5621555005
670,-662521.3726422195
671,-662516.7647765976
672,-662240.0903470907
673,-662106.1570016552
674,-662138.8847203366
675,-662170.7453806255
676,-662359.5222105826
677,-662191.4143134218
678,-662422.9625974664
679,-662443.6076437039
680,-662130.2527775272
681,-662516.9569853992
682,-662661.287636416
683,-662500.2752382451
684,-662446.6118721057
685,-662516.5791883522
686,-662491.4505988248
687,-662316.0561028944
688,-662129.31851838
689,-662271.6346827464
690,-662359.1157048764
691,-662059.8369094974
692,-662195.4934830862
693,-661994.3240011029
694,-662278.276879239
695,-662173.1056307663
696,-662051.5550944806
697,-662193.0743915495
698,-662487.1014431302
699,-662513.9424937845
700,-662740.9033432134
701,-662352.8838725081
702,-662596.4693946919
703,-662297.2662048121
704,-662179.7852927393
705,-662332.4554848168
706,-662247.5046115804
707,-662345.0712959236
708,-662314.6600727981
709,-662568.1363410491
710,-662461.2582212349
711,-662257.0131563543
712,-662354.5280839907
713,-662459.990890011
714,-662522.3529074793
715,-662243.002109101
716,-662303.4121318609
717,-662294.291268461
718,-662262.0305588605
719,-662022.9800448926
720,-661975.0130417598
721,-662063.9564355307
722,-661865.8396594996
723,-662265.7740805034
724,-662458.9980138208
725,-662240.5022884005
726,-662275.4630715107
727,-662230.4156320941
728,-662496.0201585114
729,-662155.142549465
730,-662155.1748742529
731,-662032.8133086219
732,-661885.8840735028
733,-662034.5562705661
734,-662058.9798423446
735,-662009.6942722035
736,-662059.3611066227
737,-662385.3673291749
738,-662225.3361925298
739,-662271.1873198006
740,-662226.0585147861
741,-662312.9893194677
742,-662070.713654152
743,-662093.7234233108
744,-662282.5261577566
745,-662525.6120143222
746,-662227.7696311014
747,-662138.4669946413
748,-662147.6343669818
749,-662357.5892335412
750,-662242.6590085967
751,-661915.6147023719
752,-661823.792635972
753,-662073.8903309017
754,-661882.521662464
755,-661712.8258423146
756,-661913.787966038
757,-661949.7614100064
758,-662076.4226866411
759,-662022.5297874785
760,-662060.5581984301
761,-662027.5855956029
762,-661885.1747225419
763,-662050.1641421593
764,-662060.7181708941
765,-662259.8915338346
766,-662067.5397235414
767,-661845.7039020908
768,-661809.2080729222
769,-661855.2221950354
770,-661790.3679934436
771,-661867.5041970649
772,-661955.7321847371
773,-661978.2497521014
774,-661978.1822489296
775,-661961.1876821937
776,-662115.1791680893
777,-662130.7449727043
778,-662365.2331204838
779,-662230.4408306341
780,-662802.1655602274
781,-662704.0589226052
782,-662928.1211822148
783,-662702.7441747152
784,-662556.3551243687
785,-662493.4930582303
786,-662638.7883767812
787,-662625.2348813275
788,-662714.2246219406
789,-662648.8212540951
790,-662377.93376129
791,-662465.2498079268
792,-662665.8459060881
793,-662518.5707403192
794,-662467.0029822508
795,-662522.6662991934
796,-662385.4804161779
797,-662082.3923891237
798,-661951.8571877758
799,-661887.6141770241
800,-661723.3477314725
801,-661783.9490493885
802,-661679.88397866
803,-661576.3836963271
804,-661759.0360731083
805,-661692.1194181821
806,-661949.6294492745
807,-661782.215455564
808,-661864.9667315453
809,-661835.9483900327
810,-661566.9898021546
811,-661613.4050068848
812,-661901.6781307502
813,-661861.7833936128
814,-661718.5975773183
815,-661809.4673100645
816,-661993.249980544
817,-662068.3686829517
818,-661780.0027728889
819,-661719.9696005502
820,-661757.3238486064
821,-661768.5608492785
822,-661912.9069321881
823,-662370.0229970566
824,-662162.5202028893
825,-662209.1834254671
826,-662107.0579120826
827,-662087.5640573086
828,-662015.8327431085
829,-662248.296685122
830,-662254.6282103537
831,-662861.0195547608
832,-662606.3174065475
833,-662671.7013457476
834,-662579.2437717632
835,-662205.0887702056
836,-662311.2879149192
837,-662247.3310053556
838,-662175.7834031857
839,-662263.6025635042
840,-662162.2972517016
841,-662292.0714959523
842,-662284.4380801751
843,-662171.6683529356
844,-661941.8677712234
845,-661912.5555972117
846,-662266.9065463512
847,-662222.0121946484
848,-662334.7608587134
849,-662288.160361533
850,-662319.3115434623
851,-661792.3170558256
852,-661681.8379985433
853,-662094.5207044577
854,-661950.916423397
855,-661961.2338088066
856,-662040.5598883604
857,-662205.4253071012
858,-662101.8012145711
859,-662123.8043060849
860,-662120.1127807798
861,-662280.3183132338
862,-662369.8284388888
863,-662087.0408109986
864,-662146.1384210732
865,-661954.6516470452
866,-662264.4564220665
867,-662385.4950515331
868,-662494.3421993573
869,-662359.9812001884
870,-662615.7804407977
871,-662574.3737185284
872,-662555.7396295866
873,-662350.5738296573
874,-662279.4791842701
875,-662479.5639521794
876,-662228.4171920635
877,-662390.3048298489
878,-662279.4181432311
879,-662160.0116918209
880,-662167.112500914
881,-662110.6919330145
882,-661963.5226554635
883,-662090.9828984367
884,-661967.3710916425
885,-662093.2077901599
886,-661820.6487650175
887,-662100.4848940055
888,-661873.9016546282
889,-661778.2759385228
890,-661973.9615935007
891,-661957.8142921731
892,-662034.078849604
893,-662117.0581182269
894,-662225.5483750369
895,-662057.4998697732
896,-662204.3463790497
897,-662006.7388644356
898,-661807.8492390529
899,-661864.6370870587
900,-661791.7954197006
901,-661780.5610365884
902,-661687.085793307
903,-661660.0522335643
904,-661619.110038727
905,-661274.6734184517
906,-661684.3457889742
907,-661779.7489605007
908,-661671.1324028111
909,-661381.2749258538
910,-661555.293114397
911,-661966.9616801495
912,-661970.0185441131
913,-661929.803634842
914,-662105.3056450787
915,-661981.7418681575
916,-662039.7524796916
917,-661902.2783162664
918,-662098.8223487049
919,-662103.9653168923
920,-662063.7685454106
921,-662306.3759482905
922,-661917.7512186443
923,-662069.16882012
924,-662101.013469555
925,-661945.222355909
926,-661884.7807446787
927,-662064.689903025
928,-661993.003587421
929,-661953.1648980839
930,-661850.5171973341
931,-661688.9718689003
932,-661623.6202825028
933,-661648.9557653951
934,-661679.7542323095
935,-661856.8888480208
936,-661660.3595566795
937,-661821.163728954
938,-661877.3432838822
939,-661919.1531967043
940,-661783.0594345325
941,-661852.2929045495
942,-661827.7497196728
943,-661715.091056849
944,-661620.8789852811
945,-661692.0369499208
946,-661627.7382818846
947,-661691.8392124693
948,-661818.0829523165
949,-661913.2889288102
950,-662157.4917494102
951,-661799.01701565
952,-661698.7212024413
953,-661757.916517536
954,-661730.0287990243
955,-661461.1940762383
956,-661474.7681553522
957,-661407.1378935953
958,-661650.5407383854
959,-661543.1111383332
960,-661780.8871723972
961,-661918.9357162506
962,-661857.7017403616
963,-661800.0103057195
964,-661834.9422263362
965,-661801.4087610727
966,-662056.8706881963
967,-662144.5125525806
968,-662003.8626974192
969,-661889.1382640172
970,-662049.9709377601
971,-662507.9178940961
972,-662440.7614193005
973,-662193.1952606121
974,-662355.5695684757
975,-662413.4700094664
976,-662130.3854061726
977,-662301.7045997441
978,-662060.2714236322
979,-661993.275880185
980,-662611.3092380223
981,-662259.140637707
982,-662586.7008045492
983,-662701.0089208427
984,-662587.3029348276
985,-662781.4744270913
986,-662846.8594479708
987,-662727.2423688757
988,-662711.719410771
989,-662504.401334806
990,-662381.5382230922
991,-662365.7310042811
992,-662698.6508754665
993,-662559.7713367991
994,-662610.3540825326
995,-662526.1007983522
996,-662427.0676934076
997,-662159.0725684222
998,-662103.2865399799
999,-662279.6962269641
