,0
0,-882885.429420961
1,-878087.5927822964
2,-872059.6982496002
3,-866676.7056499496
4,-862593.6755818392
5,-858308.6644432361
6,-855209.2408986373
7,-852458.6229189972
8,-849662.6880234644
9,-847230.3017760151
10,-844089.5315137417
11,-841344.4686353233
12,-839090.6581929533
13,-836748.5473351632
14,-834406.7013500263
15,-832206.7124741508
16,-830070.3169666912
17,-827998.4938277572
18,-825953.5109827062
19,-824284.1118731428
20,-822169.8975226243
21,-820197.9492743022
22,-818533.2427709867
23,-816640.6160428028
24,-815180.3403782869
25,-813188.304834324
26,-811602.0732561505
27,-810154.3151625751
28,-808485.498200816
29,-806827.1584076615
30,-805162.3461808057
31,-803742.9221904406
32,-802293.1121792088
33,-800714.2633743542
34,-799121.4492777691
35,-797604.8807264582
36,-796225.8150013873
37,-794786.796319734
38,-793430.6329837235
39,-792048.0634763633
40,-790211.2941317906
41,-788574.1931358502
42,-787100.0765911428
43,-785644.8253029281
44,-784272.4328068385
45,-782779.0047422553
46,-781508.4663660049
47,-780068.71862038
48,-778787.7219470124
49,-777452.48050402
50,-776161.9094951036
51,-774999.1557396756
52,-773573.5872476982
53,-772253.1723147565
54,-770811.2419809819
55,-769575.7770182743
56,-768317.9859904627
57,-766838.8307652761
58,-765680.6392026218
59,-764431.3395605241
60,-763092.6775063784
61,-761879.9610795892
62,-760752.7764978313
63,-759554.63556193
64,-758294.5503716615
65,-757194.6080900881
66,-755901.4417095726
67,-754776.2142909148
68,-753585.4192003732
69,-752382.8766936017
70,-751151.7525972781
71,-749933.069315602
72,-748546.550037788
73,-747458.5652219598
74,-746237.2594371488
75,-745180.0251415429
76,-744196.8428579967
77,-742889.7661755361
78,-741752.268165034
79,-740596.2239383945
80,-739723.1890208066
81,-738658.8591989807
82,-737536.3960599116
83,-736206.0915357294
84,-735357.6431844954
85,-734359.2500994579
86,-733546.2689565219
87,-732470.9690473615
88,-731345.8485038178
89,-730327.5753961471
90,-729150.6465450091
91,-728155.4548674794
92,-727181.1242113679
93,-726153.4763388431
94,-725327.3944128745
95,-724441.072506915
96,-723402.9133266313
97,-722313.1830164888
98,-721374.8283515318
99,-720477.4601845024
100,-719481.758170171
101,-718395.2295885804
102,-717504.1502654313
103,-716548.4803360619
104,-715712.4370238226
105,-714583.6403664323
106,-713773.076682815
107,-713019.457834176
108,-712212.6768490605
109,-711260.6484662067
110,-710350.3574349339
111,-709230.8181602441
112,-708423.5610095606
113,-707699.0735255462
114,-706834.7644324759
115,-705783.374125698
116,-704952.6411093125
117,-704040.2672656052
118,-703265.673014595
119,-702448.324410995
120,-701634.6782033307
121,-700616.5648233216
122,-699858.4713393288
123,-699156.4256517286
124,-698520.0471708106
125,-697580.9868879565
126,-696921.2545973815
127,-696298.9016770233
128,-695475.3510772691
129,-694473.1465853838
130,-693789.5535114639
131,-692970.4209372824
132,-692406.7210805682
133,-691753.8704991416
134,-691033.7285784921
135,-690228.9830915654
136,-689628.5036956039
137,-689041.4141298559
138,-688260.7885340394
139,-687734.9631670708
140,-687021.6758691624
141,-686311.2113576138
142,-685580.2605316399
143,-685298.3284415262
144,-684950.5612458983
145,-684391.7183975013
146,-683906.3395820796
147,-683418.5921359399
148,-683167.4223343099
149,-683146.9748731786
150,-682883.6202975576
151,-682768.7872047935
152,-682567.6082925492
153,-682339.105366573
154,-681754.2974992774
155,-681892.6054953162
156,-681422.8606898909
157,-680792.8773158909
158,-680401.9600816029
159,-680005.8449340999
160,-679662.9525535341
161,-679219.8209884467
162,-679090.3644775478
163,-678923.4218441625
164,-678330.8918870265
165,-677902.7873245087
166,-677766.6573398102
167,-677567.695312754
168,-677842.0167390454
169,-677287.4696143954
170,-676748.9883256988
171,-676550.473459224
172,-676096.9709855013
173,-675781.700673061
174,-675569.0456344084
175,-675216.0914706523
176,-675008.1218185643
177,-674583.6467937552
178,-674473.6566410561
179,-674139.655330127
180,-674058.2516862713
181,-674126.5014617973
182,-673640.5321546865
183,-673206.3858253041
184,-672862.2619162143
185,-672531.7455058007
186,-672202.9552531352
187,-671756.0022044267
188,-671288.8315153928
189,-670841.5951677812
190,-670686.8555673639
191,-670755.578828707
192,-670510.3275380015
193,-670319.4777447819
194,-670043.2934647173
195,-669773.8303607296
196,-669676.5962036338
197,-669199.3156962591
198,-669116.5773333937
199,-668491.522912901
200,-668191.5463873589
201,-667915.9171861414
202,-667581.0025603077
203,-667112.1162503513
204,-667081.0209107456
205,-666822.2981414956
206,-666193.3649659792
207,-665944.2639383071
208,-665667.1464894561
209,-665373.347631526
210,-664945.7274889605
211,-664739.3797088963
212,-664479.3494073261
213,-664216.4849609389
214,-664210.2496491029
215,-663967.9424868989
216,-664309.5011056218
217,-663846.896876209
218,-663651.2908527736
219,-663317.512192093
220,-663188.1579326744
221,-663074.2876429429
222,-662966.0198104752
223,-662792.4187151394
224,-662715.6081405154
225,-662618.4727505386
226,-662766.8751930685
227,-662337.9651773135
228,-662415.6775660433
229,-662311.4285917192
230,-662174.6645706119
231,-662343.4704905129
232,-662154.852460949
233,-661823.9131732343
234,-661826.4195403797
235,-661737.8570408524
236,-661873.7422093306
237,-661759.2874796395
238,-661631.3486330777
239,-661601.8023327453
240,-661600.1775641124
241,-661638.0345457705
242,-661875.0135587688
243,-661580.9030887203
244,-661489.3453215454
245,-661409.9132687388
246,-661232.824508305
247,-661345.2888484143
248,-661213.1660138207
249,-661922.7810327227
250,-661632.9210928512
251,-661593.130347413
252,-662426.8524188469
253,-662019.6141025852
254,-662017.0486370374
255,-662106.8591772907
256,-662409.711891341
257,-662333.917801827
258,-662682.5961494128
259,-662490.4932401038
260,-662187.2915075409
261,-661954.219879075
262,-662016.0187386962
263,-661758.5783936335
264,-661523.0612155925
265,-661325.9161591268
266,-661220.5494158164
267,-661094.9820246939
268,-661042.8315389635
269,-660960.6824726698
270,-660731.8068206776
271,-660889.1164526728
272,-660881.4917454751
273,-660982.0321436132
274,-660757.267927191
275,-660992.6065915189
276,-660987.0978206196
277,-661032.6068219478
278,-660939.2250627206
279,-661054.7884375753
280,-661114.0643348128
281,-661457.7187872344
282,-661197.0500938043
283,-661134.3304005814
284,-661056.4656499379
285,-660941.3212379463
286,-660802.6979870116
287,-660915.586964784
288,-660644.8911470944
289,-660676.7816617391
290,-660785.1266472758
291,-660632.8047535126
292,-660880.5703073874
293,-661394.7791812355
294,-661057.740294894
295,-661028.4733802541
296,-661135.1641754664
297,-661068.5417457478
298,-660824.4553420218
299,-660879.9745236443
300,-660998.060326519
301,-660932.8550036043
302,-660854.7973127195
303,-660768.4133153283
304,-660968.0289855902
305,-660929.7299196521
306,-660713.9058376828
307,-660691.988258058
308,-660546.2127234436
309,-661414.0031105799
310,-660905.5766175621
311,-660814.8408791384
312,-660629.3873896748
313,-660441.2986360105
314,-660456.100475618
315,-661441.1852612118
316,-660765.2624784999
317,-660947.6181879044
318,-660748.5560839149
319,-660568.431098859
320,-660412.0684297208
321,-660283.8495412186
322,-660340.9229544901
323,-660287.9091325352
324,-660141.5553616224
325,-660117.9718696572
326,-659969.9548476504
327,-660163.3064615711
328,-660361.2202194445
329,-660411.3076352535
330,-660400.8973152468
331,-660374.042411483
332,-660337.1000197205
333,-660410.5327473828
334,-660448.7200424658
335,-660252.5576740971
336,-660358.6545487869
337,-660250.9255705628
338,-660088.2289936591
339,-660216.2392094753
340,-660183.633920988
341,-660086.274960852
342,-660165.9995479741
343,-660355.9468431218
344,-660234.2038271575
345,-660537.118050689
346,-660512.8649423749
347,-660540.6226798306
348,-660516.343879565
349,-660435.2688680533
350,-660543.9774643718
351,-660495.1692479828
352,-660220.3196272926
353,-660039.8980554842
354,-659910.1495952999
355,-660102.6768294175
356,-659757.5097470281
357,-659669.3561886759
358,-659634.726561851
359,-659593.051897842
360,-659772.5834425989
361,-659736.2811931183
362,-659870.0599463928
363,-660226.2073101908
364,-660422.0858872557
365,-660439.1966451589
366,-660622.3355627528
367,-661065.4201298812
368,-660740.2471099973
369,-660645.287579075
370,-660706.4750108881
371,-660555.3795997248
372,-660664.9362271667
373,-660615.5805842545
374,-660334.5611154228
375,-660081.250651029
376,-659962.2541645233
377,-660174.1036174293
378,-660051.7052919994
379,-659792.3923035683
380,-659904.0400649133
381,-659782.3655748555
382,-659985.5449797122
383,-659767.7374180955
384,-659659.5035887171
385,-659562.2487363478
386,-659473.4565873616
387,-659505.113618244
388,-659467.1616333491
389,-659327.606524915
390,-659700.4331163913
391,-659687.5098856661
392,-659410.0139039196
393,-659317.1072518048
394,-659480.9373976497
395,-659319.1457026897
396,-659628.4961809925
397,-659839.9453550118
398,-659898.6034788076
399,-659652.9433155409
400,-659595.0626442223
401,-659433.0135246296
402,-659477.7545682063
403,-659549.9767218404
404,-659461.0282325083
405,-659563.6526987876
406,-660025.7969204125
407,-659910.2591280163
408,-659814.8330548467
409,-659617.6278195279
410,-659616.6474231905
411,-659727.9864461573
412,-659700.4268392668
413,-659759.4679135511
414,-659920.466552212
415,-659824.2360570468
416,-659824.2506939876
417,-659648.9035742128
418,-659711.0505095926
419,-659820.1596528214
420,-659769.0237063093
421,-660066.5671888862
422,-659935.4571815145
423,-660023.5669854819
424,-659865.7720070502
425,-659829.5293972273
426,-659777.4607497158
427,-659835.4948243292
428,-659901.8278471486
429,-659877.3880523088
430,-659679.1350952392
431,-659766.6520456664
432,-659806.4289561444
433,-659742.8984715785
434,-659858.5850358778
435,-659820.1190348729
436,-659790.9872461478
437,-659894.6727541467
438,-659882.9414620253
439,-659841.8558544373
440,-659974.0356432945
441,-659922.0428255566
442,-659620.9113845591
443,-659446.7163957512
444,-659254.9756376874
445,-659297.5512060241
446,-659216.3355387166
447,-659168.8643712716
448,-659331.6585627579
449,-659228.7433838977
450,-659207.325977582
451,-658890.5983790748
452,-659298.3557266562
453,-659270.6967748969
454,-659254.4554529977
455,-658907.653473502
456,-658977.0739235145
457,-659084.5867585316
458,-659084.4795187733
459,-658934.0230734511
460,-659129.7477698893
461,-659266.1903258695
462,-659060.2915505863
463,-659144.0000989792
464,-659473.2002921575
465,-659605.4738093889
466,-659609.552867057
467,-659594.5058983917
468,-659479.526273372
469,-659452.4183341825
470,-659485.6441126715
471,-659878.4068127963
472,-659724.7079750024
473,-659761.8916191641
474,-659712.4789643213
475,-659622.6425141225
476,-659694.2395305027
477,-659461.6295138134
478,-659501.5518854272
479,-659504.7297150724
480,-659608.8283906016
481,-659698.1753590354
482,-659531.4150540289
483,-659775.549962288
484,-659617.2428714086
485,-659564.2010791212
486,-659451.9096079947
487,-659596.3970252345
488,-659592.0177442733
489,-659689.0619146633
490,-659720.4734593172
491,-659770.1848441846
492,-659987.6043457217
493,-659996.544631006
494,-660102.8478927684
495,-660219.6393474854
496,-660113.3986451321
497,-660106.850317346
498,-659896.1593180621
499,-659888.020265727
500,-659758.9736711457
501,-659845.9647821387
502,-660796.5847326925
503,-660206.2771119479
504,-660315.2160714705
505,-660216.4755387182
506,-660136.0787344613
507,-659917.0246616603
508,-659791.9526853819
509,-659890.5354400146
510,-659924.5382813764
511,-659904.2590789514
512,-659941.7144761058
513,-659723.7119768979
514,-659647.0596748673
515,-659585.9526359654
516,-659341.6974226511
517,-659235.248979268
518,-659851.7478713143
519,-659251.3130124985
520,-659305.4010285832
521,-659226.1891023684
522,-659211.6552951406
523,-659298.1238742624
524,-659243.0923796116
525,-659132.0621933998
526,-659033.7693632307
527,-659054.4774744397
528,-659155.3624860409
529,-659542.9705676963
530,-659533.1258886339
531,-659160.2200702401
532,-659301.169967218
533,-659217.6307328851
534,-659306.5189622659
535,-659230.9896390593
536,-659336.5060106323
537,-659181.2450632268
538,-659395.8261419234
539,-659501.4848078039
540,-659301.2802689776
541,-658983.6531033807
542,-659262.9074705242
543,-659181.6139124156
544,-659148.3614290123
545,-659653.8937483008
546,-659532.1796283982
547,-659571.8230922893
548,-659704.9821584099
549,-659878.7574330058
550,-659830.8107731723
551,-659895.1705081678
552,-659899.6315598766
553,-659878.2647078801
554,-659668.9875779889
555,-660324.6674247112
556,-659918.3277939631
557,-660078.2418266343
558,-659687.5985760122
559,-659643.9415699771
560,-659568.4702109081
561,-659286.114806259
562,-659389.6557703128
563,-659238.4472091519
564,-659321.3000104956
565,-659331.7267458765
566,-659272.0426346705
567,-659299.1061533812
568,-659200.5854786315
569,-659368.8737487007
570,-659138.9524412587
571,-659355.9779238084
572,-659604.9544551786
573,-659389.4205336752
574,-659484.4822290553
575,-659398.3584022919
576,-659481.7901599997
577,-659517.6665269273
578,-659598.7295076926
579,-659567.6077363429
580,-659542.4787241621
581,-659798.2862121122
582,-659431.5217757985
583,-659482.5337728498
584,-659438.8852581402
585,-659428.1791555395
586,-659305.3443470469
587,-659462.1537420852
588,-659338.4414498997
589,-659417.3269351716
590,-659290.3152180739
591,-659544.3704684651
592,-659355.6491436156
593,-659209.1359893528
594,-659663.989445499
595,-659336.9981540594
596,-659425.4125029558
597,-659464.0780431848
598,-659448.7900594751
599,-659272.370434448
600,-659037.5306507435
601,-659480.8817933181
602,-659305.3220563568
603,-659280.6131985046
604,-659518.7450188489
605,-659593.1217323323
606,-659631.4939599156
607,-659643.4375296554
608,-659755.6038918878
609,-659686.4502164234
610,-659810.0918169424
611,-659883.4249191043
612,-659706.9785395399
613,-659661.8090344467
614,-659666.4826455484
615,-659671.7046539397
616,-659682.7127602216
617,-659788.0838428505
618,-659557.6899393348
619,-659701.8856426494
620,-659597.5657657245
621,-659733.0710384939
622,-660578.7254145787
623,-660242.973138766
624,-660191.9423661157
625,-660196.917351067
626,-660050.6555653575
627,-659964.3754808906
628,-659765.5147722015
629,-659702.8031738353
630,-659960.7024249982
631,-659872.457670816
632,-659645.7999953477
633,-659722.4349365855
634,-659993.3895741159
635,-659824.8268419666
636,-659729.2677686008
637,-659859.4974373428
638,-660746.7540598434
639,-660103.6918044584
640,-660078.8064021656
641,-659943.9590992354
642,-659901.2671760741
643,-660059.6000528202
644,-659996.7858793621
645,-659908.2481356309
646,-659669.8316396796
647,-659619.5922177446
648,-659534.0708724508
649,-659594.7988522123
650,-659382.6662437954
651,-659897.8812798586
652,-659956.7765330607
653,-659790.5634179313
654,-659698.6652434138
655,-659695.4299915001
656,-659771.3476667887
657,-659653.1682127326
658,-659750.0259940135
659,-659611.8741091527
660,-659581.8448015056
661,-659658.5481680552
662,-659888.4329458833
663,-659606.2465933817
664,-659641.1774768906
665,-659504.6370635612
666,-659498.8954578881
667,-659612.165984009
668,-659272.2340069825
669,-659457.4957362615
670,-659193.4033946749
671,-659382.3580453035
672,-659815.3023260165
673,-659659.3998411362
674,-659691.8403238447
675,-659703.9077894047
676,-659628.7712294655
677,-659581.1720076178
678,-659672.2081131324
679,-659649.2687687633
680,-660037.4919177174
681,-659860.6664244671
682,-659844.7699985926
683,-659396.6058965409
684,-659360.127841801
685,-659367.856150806
686,-660778.5104724034
687,-660115.4592194082
688,-659811.2825471534
689,-659694.6749814596
690,-659570.4841719953
691,-659662.6464253042
692,-659573.6636154326
693,-659729.7242474441
694,-659771.9912444821
695,-659806.4476942454
696,-659870.3886195855
697,-659665.3598773272
698,-659499.5759490208
699,-659513.5509738659
700,-659671.4222905565
701,-659671.7536343958
702,-659595.9137152309
703,-659493.5960814463
704,-659818.2774984088
705,-660505.3754333267
706,-660209.1498280385
707,-659857.2968915676
708,-659972.6215540373
709,-659929.0265972171
710,-659847.1128655603
711,-659902.1645581841
712,-659696.9704962022
713,-659642.1122977139
714,-659528.1663539829
715,-659417.1424669791
716,-659295.5179302117
717,-659720.3223908686
718,-659612.3672014177
719,-659646.0826992729
720,-659957.7740311418
721,-660079.5784121158
722,-660020.6508692551
723,-659660.3216684868
724,-659820.6051782215
725,-659565.633830226
726,-659732.3396923161
727,-659699.8512343721
728,-659614.2437851026
729,-659512.7190267512
730,-659932.944019525
731,-659585.7127973494
732,-659442.7413533053
733,-659556.3294039323
734,-659807.453775305
735,-659673.7236706695
736,-659582.3254558975
737,-659750.6391921699
738,-659908.0011210709
739,-659893.112312717
740,-659910.0984363339
741,-659760.2565896964
742,-659679.6964157276
743,-659722.4071777812
744,-659782.9216616313
745,-659925.7229723945
746,-659812.6642004001
747,-659658.2051570095
748,-659661.899148236
749,-659511.2440788334
750,-659481.1736070261
751,-659747.7299247045
752,-659390.528183023
753,-659414.6767708304
754,-659451.1017282079
755,-659523.9213145272
756,-659386.8873873596
757,-659906.7304319737
758,-660166.1410012806
759,-659790.3327286527
760,-659729.5709386806
761,-659578.2427765653
762,-659790.2083002506
763,-660712.3780937641
764,-660391.93602152
765,-660350.2885482726
766,-660041.7623866671
767,-659845.541517371
768,-659650.6978746426
769,-659365.0786259219
770,-659462.681396714
771,-659462.2221038201
772,-659369.122513937
773,-659300.0755018499
774,-659100.9184426107
775,-659233.3234485458
776,-659771.4108955762
777,-659396.2302391342
778,-659411.3224957783
779,-659458.4642997019
780,-659455.5822569174
781,-659166.3374121817
782,-659568.768921283
783,-659405.4128839691
784,-659342.7056897792
785,-659336.7832097509
786,-659489.102568573
787,-660130.7581845686
788,-660177.3813875145
789,-660008.706690003
790,-659903.6848153
791,-659898.3704185571
792,-659927.6880045552
793,-659806.7339802551
794,-659792.4363530471
795,-660354.9793310302
796,-660119.4041554945
797,-660146.6188588308
798,-659972.0735933107
799,-659823.8901436115
800,-659784.9631157973
801,-659738.8527280617
802,-659604.2693517597
803,-659607.2670883812
804,-659492.0489917109
805,-659312.3135728771
806,-659243.8926505209
807,-659297.8602005766
808,-659453.2377591993
809,-659334.5498505868
810,-659254.2752114746
811,-659261.3875365499
812,-659320.5913636249
813,-659402.6160793349
814,-659418.529343078
815,-659324.2531077792
816,-659710.8621883816
817,-659527.9936656934
818,-659554.140494537
819,-659596.5887484949
820,-659562.6835235665
821,-659417.3377822173
822,-659534.1263310722
823,-659397.0005606291
824,-659326.83122739
825,-659421.3202044034
826,-659467.8288414939
827,-659561.4220541966
828,-659608.0435553618
829,-659701.6644995017
830,-659678.5485730417
831,-659832.5661954178
832,-659851.3789445389
833,-659726.4726575305
834,-659533.2343337785
835,-659538.1469985854
836,-660282.5021946868
837,-659884.5258690935
838,-659916.5515819868
839,-659935.1156743221
840,-659714.0027867372
841,-659503.982436557
842,-659510.907601625
843,-659617.20022782
844,-659359.8352953509
845,-659279.1091110182
846,-659292.6927997788
847,-659697.7624428674
848,-659572.6708678531
849,-659582.0177931132
850,-659336.4045162764
851,-659378.263063746
852,-659379.0250744383
853,-659861.6801103199
854,-660135.6388633662
855,-659934.7421535361
856,-659982.4391605437
857,-659899.2082658962
858,-660065.0358175281
859,-659960.5306851292
860,-659983.4985169562
861,-660086.5965000512
862,-659851.6263584087
863,-660031.9996941952
864,-659848.5816543687
865,-660366.8146659684
866,-660316.1041413989
867,-660484.6188515577
868,-660071.3452488739
869,-660183.8197864933
870,-660311.2680248509
871,-660136.5525733624
872,-660050.3742438616
873,-660033.7194858842
874,-659900.4405296423
875,-659759.2623845413
876,-659664.561254163
877,-659449.4387350626
878,-659378.285555553
879,-659446.0665650864
880,-659500.7180326816
881,-659421.9968852932
882,-659556.9432875933
883,-659644.2744641538
884,-659504.0718112644
885,-659115.8530406301
886,-659152.730414735
887,-659307.1030780786
888,-659026.8012556082
889,-659118.559279476
890,-659136.3330448287
891,-659175.542023282
892,-659284.265586521
893,-659254.6257948717
894,-659326.574908844
895,-659354.3375369341
896,-659523.7973181022
897,-659574.0003722192
898,-660026.3659155219
899,-659731.5503891507
900,-659955.0715615051
901,-660048.3346072638
902,-659976.2159347986
903,-660099.704700443
904,-660078.7873839928
905,-659812.2564767805
906,-659822.5016479198
907,-659711.535877357
908,-659716.9990556103
909,-659671.1167705512
910,-659718.3825472611
911,-660001.6453620065
912,-659939.6966915209
913,-659892.6069757398
914,-659853.0329340936
915,-659839.9407254402
916,-660155.0910629744
917,-659965.198928866
918,-660162.5461495888
919,-660027.8859406055
920,-659984.7614985261
921,-660037.589079322
922,-660385.2098811937
923,-660132.5512013396
924,-659935.5967977267
925,-659852.4134862936
926,-659934.1848976625
927,-660112.2749705021
928,-660264.6525904009
929,-660196.446249161
930,-660259.9440483967
931,-660221.553327645
932,-660013.8147125677
933,-660794.611237514
934,-660449.2395750411
935,-660291.1430692008
936,-660084.3371153967
937,-659866.2237188856
938,-659980.5660881512
939,-659844.0175575223
940,-660068.935998861
941,-659919.544680914
942,-659759.2420717276
943,-659969.4150890639
944,-659813.6702586239
945,-660124.980459481
946,-660001.3648151623
947,-659920.6071302706
948,-659889.0090549921
949,-659794.5238640138
950,-659741.6460033836
951,-659603.6221475654
952,-659914.4673727349
953,-659914.7786936164
954,-659837.7065875496
955,-659843.9625649706
956,-659794.8182759428
957,-659631.4493298477
958,-659721.4175441087
959,-659655.4474876042
960,-659727.7975617476
961,-659535.8193124934
962,-659263.2344062189
963,-659341.3861239147
964,-659263.8839299084
965,-659326.9126166583
966,-659191.5836547784
967,-659381.5380689059
968,-659326.6179117681
969,-659361.5205095968
970,-659320.8204426727
971,-659645.4368356273
972,-659734.0820108734
973,-659616.0193084227
974,-659441.0726844865
975,-659460.3908103626
976,-659495.289297957
977,-659508.7618665805
978,-659600.6505666244
979,-660237.098687135
980,-659936.6341243645
981,-659885.5696545948
982,-659715.8031273898
983,-659786.9552660201
984,-659706.9861205792
985,-659561.4226698523
986,-659677.2198454295
987,-659512.3074230496
988,-659621.998822376
989,-659699.5643660784
990,-659588.0912507077
991,-659394.6538583538
992,-659682.9590418406
993,-659639.6252449398
994,-659650.9055111378
995,-659798.8446141992
996,-659988.8932775505
997,-659905.1638494747
998,-659753.980801655
999,-659903.6775857107
