,0,1,2,3,4
0,18.796131526007805,18.491957216994003,18.430726629379755,18.369685782098014,18.00677189036667
1,18.5668361140451,16.6024366700578,16.666505156777184,16.834469381498877,17.490005743310828
2,17.845232696883404,17.709212708194997,18.30832525358244,17.06388505558744,19.29606454578097
3,17.09462042908944,18.154805055722054,17.739590465503,16.662188291783544,17.725215519408472
4,17.642181176697264,18.18271467361855,17.747441714477617,17.713154712380913,18.070381673831115
5,17.989956218357584,18.088570105402653,19.33624952047867,16.81731403124652,18.749016291296922
6,19.127316853705857,16.455208861255528,16.643025383974503,17.870929744410052,17.76254008344448
7,16.933565745906133,18.589819588199326,16.91391599678296,17.2463745857377,17.842040576652565
8,17.72601032794457,17.13416580170124,18.4779240004916,17.118772582203107,16.94504943451329
9,18.126365056825975,18.28330157438661,17.614224361280016,16.418485919601913,17.37120663761008
