,0,1,2,3,4
0,16.306580221665428,18.791744078536798,17.11246752639967,17.182829637506792,18.178808985944002
1,15.234826737292423,18.169844666282174,19.15263862775516,17.128517595664892,17.864216308342787
2,15.652929373315684,18.08002271136292,20.689127827824553,17.299775567267304,18.1838672647656
3,18.111321824519408,18.186484780229133,18.256804761356893,18.78711168093763,16.270947745511492
4,18.48928973595232,18.12234474097582,18.78866880625865,17.79912437781427,15.999056291891739
5,19.108099341548108,18.029789950549656,18.28153769367819,16.82826772009828,17.600873106824285
6,11.824927921504843,18.58962752218854,17.33363435175261,16.884242537954123,19.151148954553634
7,17.55055489843816,18.59347325025386,18.669404869958996,16.71193303873559,18.026803861843817
8,17.54236403750919,17.120366281075093,16.773545660430567,17.095810538193422,17.506594802225976
9,19.10331420706479,17.632588656037864,16.634770222224436,18.06891567425957,17.030083871855357
