,0,1,2,3,4
0,98.00604525135223,19.011116286984812,19.313974017136665,19.523787820420882,18.250978792694426
1,97.13014630348394,19.163951526132713,17.75807848682024,17.84566031118678,18.3691102575739
2,99.458017171674,18.404305682800814,17.214457853456274,17.16443546740543,17.072463045594684
3,99.03974561238398,17.386197571816457,18.835241733140776,17.945603219698704,18.36459905473616
4,94.80573466286013,17.699528199201005,17.471033069891597,17.499883715824815,17.371936085326816
5,100.70897967283081,17.46749359142406,17.612401776720404,17.049144361159367,19.398806769026823
6,101.62381922806532,19.81825532840411,16.725905462550934,18.95250651764462,16.880371150847303
7,103.33311266031365,18.719829593334087,18.7309849174729,17.273672735614685,16.307554266142553
8,102.41390313719013,16.685664130441335,16.87240392577233,16.709760061299836,17.702755812104854
9,102.77268807140568,19.14808055202701,18.006289809409047,15.853452606703781,19.04384120638959
