,0,1,2,3,4
0,17.888101297182438,17.42349001740751,17.784006826940704,17.22879342351327,16.778904310112203
1,19.282124259560074,17.598305281929438,18.69807518576591,18.65383463488446,17.557276119172382
2,19.007949744341527,16.82834455979393,18.025229291075696,18.045608476123167,17.10888343527774
3,16.7579118324886,18.48342360440981,18.781823009063,17.500850112590253,17.83912590285583
4,17.811206408240963,18.17354670320978,18.47088351825412,18.51362286908274,16.91422313279717
5,17.91926212944845,17.79612699525649,18.004333146975014,20.207864038851355,16.740337555539398
6,18.575818051632083,16.99736101665538,17.747633741065943,18.117318985203806,17.781172612465085
7,18.216365052271865,17.203075947697435,18.82823488769006,18.032743594215887,18.228222052602046
8,18.861819978196102,19.97939100725428,16.313858668440716,18.15505694384542,19.088716871815112
9,17.943025149675083,18.114456128484207,18.381569922677375,18.088913982221424,16.094164109977328
