,0,1,2,3,4
0,5.744653769638175,16.619460530798314,16.82394231315669,17.44902432495932,18.218537681083856
1,9.062133187135652,19.320993622574537,16.82601916202482,16.95053877953346,18.93932297298358
2,10.484202452572015,19.799792130636426,17.809200960514936,19.481446942275443,18.122084071061575
3,10.24895547746501,16.63047316828611,19.209339349137622,17.723290670881173,20.150332994059855
4,8.661924871592198,17.304604980592114,18.139460178877567,18.188360787147346,16.781375438622803
5,6.753888367173579,18.284394280773846,17.528497129883572,18.46018477269709,19.19048381577637
6,5.2571011074409855,17.21887589439819,17.54720426901408,18.149738276965696,17.76503868932587
7,9.029384438917747,17.17889016427814,17.018771921029487,17.68420425111275,18.03495235167935
8,7.134271971057812,16.936362124720112,17.37112978244356,17.571718963832005,18.244569440213365
9,5.925476422898,18.347527030639228,18.023689424744507,17.13361480929779,17.96586087224925
