,0,1,2,3,4
0,6.346867145264749,15.961200543982176,15.610369900687052,15.570903904470265,16.991625317236068
1,7.458214923787479,15.986065159728046,17.16977677353548,16.490018087936743,17.017340325619898
2,6.154111804636931,17.164518931977334,16.541787100079308,16.015072351014116,16.975310281364738
3,8.21399405498402,16.25135606528709,17.06289222202877,16.320750178864873,17.865921586315448
4,7.169688474117376,16.959128028320134,16.724722250159736,17.70389602816424,17.23515303947314
5,8.036051616075808,16.616934415987288,16.876821728754383,17.385560910234975,16.762759721339094
6,6.270194802570898,17.02334575234956,16.51003711108577,17.431227430748773,17.595214401577234
7,8.18122525620566,17.716474081672978,16.631291847354735,17.72832598632633,16.939959109010033
8,7.554978032070343,17.37697726942441,18.30444225374528,19.14392254324393,18.95371377529215
9,13.085325262417866,16.189008260899136,16.220982648811052,16.506285713883674,18.101968894549756
