,0,1,2,3,4
0,17.02466510108592,14.804864739867257,17.09412080660327,17.169226193753367,17.36727516099663
1,16.39798825126485,16.035696332756334,15.84458836822671,17.031172583213575,16.59495228764904
2,17.229253132011518,18.598516408585432,16.642373228144926,17.06748892902849,17.4890329489812
3,17.476517925332846,15.802378729979143,15.487333943972152,16.17098506135569,17.246925205748582
4,16.551072098778768,16.69459225633665,16.4594241346815,17.242326139030094,17.18557291239283
5,15.581945259039436,16.20346036673184,16.751227716670044,16.22495450080659,16.47735416234763
6,16.77404277079517,17.45640891429063,16.565962257995896,16.725061084878252,16.37733000842074
7,16.64765683739365,17.4223656108318,16.642888853826033,18.208318331839493,16.70567596655554
8,16.267808676638783,17.969664754474614,17.077467486752642,16.978901420696083,17.63439297814037
9,17.68309263482646,16.270401968017985,15.7942998162151,16.975883462583205,17.045885714720693
