,0,1,2,3,4
0,14.622566437776708,16.352972790674645,16.334395604705048,16.537218374257822,17.51634887660249
1,15.12220258261042,17.06151202356769,16.86668501959786,17.068668939288184,17.26015711910224
2,14.965490760091859,16.46157548061862,17.242910409482043,17.804782793901843,16.55518281700871
3,10.73204724326622,16.796471836640517,16.966454931815495,17.013650200238068,18.013137509394046
4,13.798845057740422,17.735240484616675,17.37558104957776,16.523474868434533,17.361732791072093
5,20.29249642015803,16.496365137697072,16.36067973903733,18.09486903556037,17.990095898374044
6,16.227851335597155,16.6461840142764,17.340174952568006,16.457114044017047,17.49091083946207
7,13.33088004984795,16.720573006375236,16.744941450114514,17.05273801074287,17.55469222343836
8,13.450522769598589,17.122931602364172,17.47607371561398,16.882404151145654,15.732222184498335
9,15.587239873478064,16.61101451121636,17.39847856889266,16.08206678993402,17.683273349253643
