,0,1,2,3,4
0,102.27653562965796,16.293609433968488,17.862744407606478,16.246968620571653,16.093213641468758
1,105.15872980419522,17.05034925581223,18.131887816295627,16.701184234223636,16.726593088031667
2,96.77763437139116,16.90456625906729,17.483981897763435,16.44414091927186,17.331280186912586
3,105.0569485287887,16.52954907066369,17.131096537690823,16.949711134035656,16.54934758935616
4,101.18459452153016,16.967892999932637,15.507922765409607,16.538168779523215,16.72453359597439
5,103.95491719767263,15.317668199111207,17.043583098977333,17.506608741176013,17.445439035743533
6,105.552519067603,17.867821938692646,16.808348420299733,17.429010982361138,16.975175419987266
7,101.25108126294552,16.23126155087418,18.13991952258239,17.14626224354292,17.546645059325538
8,100.90769365689988,17.79906047095866,18.37481627818077,16.9839907921104,17.381050217392325
9,96.69432209127105,17.908770628997033,17.1968785450504,17.90041434258883,17.361328931666822
