,0,1,2,3,4
0,17.4640793960807,17.17059984088636,18.398506250471158,16.670610929789277,16.695942798332435
1,17.234393582269472,17.05614400572813,17.3976346708504,17.624819558925132,17.54172586978794
2,16.747678652780504,16.810738789902086,17.312311129043014,16.289056352303266,16.36747310369099
3,16.578579062238813,17.151497678698686,16.900103476420643,15.955799903015045,17.802050178737158
4,17.10579057671027,16.424801908428215,17.573866796450204,17.315275273007657,16.86450515936651
5,18.175642033915324,17.269110271305426,16.625088558704896,16.70768657247835,16.27282167160721
6,17.34889839670434,16.601658787470253,18.610961623093836,16.559062510202843,16.293964033423247
7,16.769299531686986,17.699917201110985,16.83227060051016,16.146540752678277,18.516996750262646
8,17.63286895131208,17.407871024946527,18.642471820221253,16.88659884886351,16.932693298551914
9,17.633537425651692,18.086017845142358,17.60217462482777,16.651640707401192,17.67277355579949
